# K=5
# r C
2.500000000000000000e-01 3.336662770784635246e-01
5.000000000000000000e-01 3.319245856146403884e-01
7.500000000000000000e-01 3.392068159469324717e-01
1.000000000000000000e+00 3.000528592143202333e-01
1.250000000000000000e+00 2.734010733512225455e-01
1.500000000000000000e+00 2.333055100918348668e-01
1.750000000000000000e+00 2.211800335561148467e-01
2.000000000000000000e+00 2.081563426057101152e-01
2.250000000000000000e+00 2.116158310971849588e-01
2.500000000000000000e+00 1.928798446640777320e-01
2.750000000000000000e+00 1.820290379839663852e-01
3.000000000000000000e+00 1.767702302614134469e-01
3.250000000000000000e+00 1.693050354906388277e-01
3.500000000000000000e+00 1.632069813590837359e-01
3.750000000000000000e+00 1.583264881795649059e-01
4.000000000000000000e+00 1.519296588276471405e-01
4.250000000000000000e+00 1.491371090559842627e-01
4.500000000000000000e+00 1.443853678811313490e-01
4.750000000000000000e+00 1.414311894781579704e-01
5.000000000000000000e+00 1.369717525053989193e-01
5.250000000000000000e+00 1.349639714233332455e-01
5.500000000000000000e+00 1.313207391998199858e-01
5.750000000000000000e+00 1.285762623821508077e-01
6.000000000000000000e+00 1.255251260854347573e-01
6.250000000000000000e+00 1.230713690041447123e-01
6.500000000000000000e+00 1.209385151366530464e-01
6.750000000000000000e+00 1.185449326116219532e-01
7.000000000000000000e+00 1.166123018716978682e-01
7.250000000000000000e+00 1.142894695928605153e-01
7.500000000000000000e+00 1.125008522872548988e-01
7.750000000000000000e+00 1.108398217351241610e-01
8.000000000000000000e+00 1.088589533509769086e-01
8.250000000000000000e+00 1.076686040600676603e-01
8.500000000000000000e+00 1.057508102146530043e-01
8.750000000000000000e+00 1.044984272886029519e-01
9.000000000000000000e+00 1.029086427302523948e-01
9.250000000000000000e+00 1.016660699553325886e-01
9.500000000000000000e+00 1.002827400193511964e-01
9.750000000000000000e+00 9.876067645999228595e-02
1.000000000000000000e+01 9.770747045784096418e-02
1.025000000000000000e+01 9.636143878260040874e-02
1.050000000000000000e+01 9.539802586453363653e-02
1.075000000000000000e+01 9.424126259947469830e-02
1.100000000000000000e+01 9.318528919926442888e-02
1.125000000000000000e+01 9.225709068835356852e-02
1.150000000000000000e+01 9.116396023267055171e-02
1.175000000000000000e+01 9.028611726862113829e-02
1.200000000000000000e+01 8.922513993654279663e-02
1.225000000000000000e+01 8.831326121060351086e-02
1.250000000000000000e+01 8.751717919256986333e-02
1.275000000000000000e+01 8.662660652187340049e-02
1.300000000000000000e+01 8.581164625101475596e-02
1.325000000000000000e+01 8.487971813940993482e-02
1.350000000000000000e+01 8.412389927993685346e-02
1.375000000000000000e+01 8.336188615964111592e-02
1.400000000000000000e+01 8.268467283978542248e-02
1.425000000000000000e+01 8.196270957558143833e-02
1.450000000000000000e+01 8.117378792279689170e-02
1.475000000000000000e+01 8.058238411116376565e-02
1.500000000000000000e+01 7.986029320000861964e-02
1.525000000000000000e+01 7.929918559976224801e-02
1.550000000000000000e+01 7.855861011442108466e-02
1.575000000000000000e+01 7.795550785221419532e-02
1.600000000000000000e+01 7.740572938120396373e-02
1.625000000000000000e+01 7.673455311556780234e-02
1.650000000000000000e+01 7.620741979032984170e-02
1.675000000000000000e+01 7.560268147326264232e-02
1.700000000000000000e+01 7.513181324339902878e-02
1.725000000000000000e+01 7.455603120596226985e-02
1.750000000000000000e+01 7.406436338332911262e-02
1.775000000000000000e+01 7.356616893614893737e-02
1.800000000000000000e+01 7.296866029638506002e-02
1.825000000000000000e+01 7.254636723112051211e-02
1.850000000000000000e+01 7.201968218287509160e-02
1.875000000000000000e+01 7.154603680894680573e-02
1.900000000000000000e+01 7.108390986623970564e-02
1.925000000000000000e+01 7.058491624860414870e-02
1.950000000000000000e+01 7.020356717483752784e-02
1.975000000000000000e+01 6.968133316110823594e-02
2.000000000000000000e+01 6.931295181450303211e-02
2.025000000000000000e+01 6.887148146913560365e-02
2.050000000000000000e+01 6.850444514984341260e-02
2.075000000000000000e+01 6.807760757551087338e-02
2.100000000000000000e+01 6.768739526161914044e-02
2.125000000000000000e+01 6.731897087173675798e-02
2.150000000000000000e+01 6.686946436481013001e-02
2.175000000000000000e+01 6.652200808285076150e-02
2.200000000000000000e+01 6.616655927316303365e-02
2.225000000000000000e+01 6.581006885829049358e-02
2.250000000000000000e+01 6.545115510379279078e-02
2.275000000000000000e+01 6.506577700774179851e-02
2.300000000000000000e+01 6.476491714255842858e-02
2.325000000000000000e+01 6.439485812858786185e-02
2.350000000000000000e+01 6.408459224320404990e-02
2.375000000000000000e+01 6.375059437265130635e-02
2.400000000000000000e+01 6.342503888953704427e-02
2.425000000000000000e+01 6.313392589925169440e-02
2.450000000000000000e+01 6.277841360646634061e-02
2.475000000000000000e+01 6.249751595322287218e-02
2.500000000000000000e+01 6.215091555447492533e-02
2.525000000000000000e+01 6.189203659356334875e-02
2.550000000000000000e+01 6.159982465432385645e-02
2.575000000000000000e+01 6.130086034220789265e-02
2.600000000000000000e+01 6.101827972853045290e-02
2.625000000000000000e+01 6.073636995512425585e-02
2.650000000000000000e+01 6.049393835135347813e-02
2.675000000000000000e+01 6.019741258508154447e-02
2.700000000000000000e+01 5.993543460466125433e-02
2.725000000000000000e+01 5.968171928715196306e-02
2.750000000000000000e+01 5.939070643032790670e-02
2.775000000000000000e+01 5.917185286421439844e-02
2.800000000000000000e+01 5.888030724206849004e-02
2.825000000000000000e+01 5.866665149974974874e-02
2.850000000000000000e+01 5.838715883289084807e-02
2.875000000000000000e+01 5.816934903460511952e-02
2.900000000000000000e+01 5.793731621017212535e-02
2.925000000000000000e+01 5.767528080200513135e-02
2.950000000000000000e+01 5.746933517268023456e-02
2.975000000000000000e+01 5.723393028772701813e-02
3.000000000000000000e+01 5.701664315178199549e-02
3.025000000000000000e+01 5.679383559405540294e-02
3.050000000000000000e+01 5.656571338799950416e-02
3.075000000000000000e+01 5.636608780436195426e-02
3.100000000000000000e+01 5.610236420607010027e-02
3.125000000000000000e+01 5.592524913397589614e-02
3.150000000000000000e+01 5.569325880809621737e-02
3.175000000000000000e+01 5.551383033467224143e-02
3.200000000000000000e+01 5.529359319288317670e-02
3.225000000000000000e+01 5.509631463943202162e-02
3.250000000000000000e+01 5.491263649684016701e-02
3.275000000000000000e+01 5.470025663431386798e-02
3.300000000000000000e+01 5.451641349194900205e-02
3.325000000000000000e+01 5.432631395305864003e-02
3.350000000000000000e+01 5.414761944750361849e-02
3.375000000000000000e+01 5.396158552328073066e-02
3.400000000000000000e+01 5.376288113573822469e-02
3.425000000000000000e+01 5.358479743180905031e-02
3.450000000000000000e+01 5.339351315921271601e-02
3.475000000000000000e+01 5.323270679511325071e-02
3.500000000000000000e+01 5.305450608861499162e-02
3.525000000000000000e+01 5.288021838652265383e-02
3.550000000000000000e+01 5.271544360509457239e-02
3.575000000000000000e+01 5.253548913315221613e-02
3.600000000000000000e+01 5.238722518227537095e-02
3.625000000000000000e+01 5.219934631309275375e-02
3.650000000000000000e+01 5.205058991723936213e-02
3.675000000000000000e+01 5.188546324256919362e-02
3.700000000000000000e+01 5.171466699883594392e-02
3.725000000000000000e+01 5.156201600273584845e-02
3.750000000000000000e+01 5.139534847902226672e-02
3.775000000000000000e+01 5.124113790785402023e-02
3.800000000000000000e+01 5.108835028202850931e-02
3.825000000000000000e+01 5.094069883434226842e-02
3.850000000000000000e+01 5.079359627258155097e-02
3.875000000000000000e+01 5.063331378652229098e-02
3.900000000000000000e+01 5.050493043385585745e-02
3.925000000000000000e+01 5.035308192636544361e-02
3.950000000000000000e+01 5.022002483374723297e-02
3.975000000000000000e+01 5.006568088470766259e-02
4.000000000000000000e+01 4.993191075656504274e-02
4.025000000000000000e+01 4.979777850794867705e-02
4.050000000000000000e+01 4.964631934570704064e-02
4.075000000000000000e+01 4.952039728935958562e-02
4.100000000000000000e+01 4.937990843264754987e-02
4.125000000000000000e+01 4.925165385409484980e-02
4.150000000000000000e+01 4.912132133096527159e-02
4.175000000000000000e+01 4.899242810509427115e-02
4.200000000000000000e+01 4.886610610176835706e-02
4.225000000000000000e+01 4.872607305800775307e-02
4.250000000000000000e+01 4.860562581957010575e-02
4.275000000000000000e+01 4.847766462774379809e-02
4.300000000000000000e+01 4.835942398450003565e-02
4.325000000000000000e+01 4.823038221120479196e-02
4.350000000000000000e+01 4.810642925920110419e-02
4.375000000000000000e+01 4.799549302833208686e-02
4.400000000000000000e+01 4.786601832252759120e-02
4.425000000000000000e+01 4.775743944690744730e-02
4.450000000000000000e+01 4.764493522075132631e-02
4.475000000000000000e+01 4.752719211986866643e-02
4.500000000000000000e+01 4.741941653888676056e-02
4.525000000000000000e+01 4.732227479080122062e-02
4.550000000000000000e+01 4.718201339332777494e-02
4.575000000000000000e+01 4.707020398869392330e-02
4.600000000000000000e+01 4.696793830621814186e-02
4.625000000000000000e+01 4.686710043246853502e-02
4.650000000000000000e+01 4.674674350730862599e-02
4.675000000000000000e+01 4.664699570389665290e-02
4.700000000000000000e+01 4.653626160436007131e-02
4.725000000000000000e+01 4.644452786174688846e-02
4.750000000000000000e+01 4.631906387380593099e-02
4.775000000000000000e+01 4.623162230299466408e-02
4.800000000000000000e+01 4.613046446151231744e-02
4.825000000000000000e+01 4.602247977466291523e-02
4.850000000000000000e+01 4.593250525135014750e-02
4.875000000000000000e+01 4.583660807492331152e-02
4.900000000000000000e+01 4.571926918781979432e-02
4.925000000000000000e+01 4.562737276798325275e-02
4.950000000000000000e+01 4.552972456825350039e-02
4.975000000000000000e+01 4.543712307485826135e-02
5.000000000000000000e+01 4.533856529553269982e-02
5.025000000000000000e+01 4.524822993844769548e-02
5.050000000000000000e+01 4.514585016367919645e-02
5.075000000000000000e+01 4.506605844224387952e-02
5.100000000000000000e+01 4.496425946179562899e-02
5.125000000000000000e+01 4.489087069902863991e-02
5.150000000000000000e+01 4.478231567271921676e-02
5.175000000000000000e+01 4.471459123555367177e-02
5.200000000000000000e+01 4.459962125805545102e-02
5.225000000000000000e+01 4.453240769196253890e-02
5.250000000000000000e+01 4.441971770089071792e-02
5.275000000000000000e+01 4.435640903699746007e-02
5.300000000000000000e+01 4.426555987712577772e-02
5.325000000000000000e+01 4.419650761583317905e-02
5.350000000000000000e+01 4.409651656709390188e-02
5.375000000000000000e+01 4.402605812209546554e-02
5.400000000000000000e+01 4.393446552201446531e-02
5.425000000000000000e+01 4.386421409930350845e-02
5.450000000000000000e+01 4.377160386743098736e-02
5.475000000000000000e+01 4.369734623782191296e-02
5.500000000000000000e+01 4.361434227496606419e-02
5.525000000000000000e+01 4.354271618034592783e-02
5.550000000000000000e+01 4.344358092905151875e-02
5.575000000000000000e+01 4.339823202097228133e-02
5.600000000000000000e+01 4.328449002518836020e-02
5.625000000000000000e+01 4.323993863367318891e-02
5.650000000000000000e+01 4.314677717870177981e-02
5.675000000000000000e+01 4.310269504491742037e-02
5.700000000000000000e+01 4.299290410114430666e-02
5.725000000000000000e+01 4.293292328681668629e-02
5.750000000000000000e+01 4.286588201266768733e-02
5.775000000000000000e+01 4.279178727733697063e-02
5.800000000000000000e+01 4.272578475723132901e-02
5.825000000000000000e+01 4.266362973866786451e-02
5.850000000000000000e+01 4.256732946377704552e-02
5.875000000000000000e+01 4.251104377380648253e-02
5.900000000000000000e+01 4.243950162032901485e-02
5.925000000000000000e+01 4.238199594555008831e-02
5.950000000000000000e+01 4.229804712445971171e-02
5.975000000000000000e+01 4.225221965908734778e-02
6.000000000000000000e+01 4.216445352984679595e-02
6.025000000000000000e+01 4.210856841906269327e-02
6.050000000000000000e+01 4.204343777669364290e-02
6.075000000000000000e+01 4.198390476421360457e-02
6.100000000000000000e+01 4.190733566899836060e-02
6.125000000000000000e+01 4.185181137498826531e-02
6.150000000000000000e+01 4.178472136097272777e-02
6.175000000000000000e+01 4.173870901963592367e-02
6.200000000000000000e+01 4.164488684591849399e-02
6.225000000000000000e+01 4.160777326276607346e-02
6.250000000000000000e+01 4.153669276865454285e-02
6.275000000000000000e+01 4.150766890232484435e-02
6.300000000000000000e+01 4.139970782567047036e-02
6.325000000000000000e+01 4.137136385960178686e-02
6.350000000000000000e+01 4.130660324142566842e-02
6.375000000000000000e+01 4.125259726550998401e-02
6.400000000000000000e+01 4.119122175586984597e-02
6.425000000000000000e+01 4.113598239848712673e-02
6.450000000000000000e+01 4.108859518129649724e-02
6.475000000000000000e+01 4.101873702524671400e-02
6.500000000000000000e+01 4.097364311062435399e-02
6.525000000000000000e+01 4.091489333962017999e-02
6.550000000000000000e+01 4.086306811823486873e-02
6.575000000000000000e+01 4.080891461256347386e-02
6.600000000000000000e+01 4.075665805610217268e-02
6.625000000000000000e+01 4.070737200458716953e-02
6.650000000000000000e+01 4.065351492121938026e-02
6.675000000000000000e+01 4.060044218822086992e-02
6.700000000000000000e+01 4.055282639833074354e-02
6.725000000000000000e+01 4.049444810822604851e-02
6.750000000000000000e+01 4.045650244964400094e-02
6.775000000000000000e+01 4.039352932514510969e-02
6.800000000000000000e+01 4.034917248620810415e-02
6.825000000000000000e+01 4.029635607151423049e-02
6.850000000000000000e+01 4.025102408073842619e-02
6.875000000000000000e+01 4.020155781474245987e-02
6.900000000000000000e+01 4.014840861382777681e-02
6.925000000000000000e+01 4.011039947680720280e-02
6.950000000000000000e+01 4.005644384853222773e-02
6.975000000000000000e+01 4.001373080000771715e-02
7.000000000000000000e+01 3.996644822129149371e-02
7.025000000000000000e+01 3.991766841947365363e-02
7.050000000000000000e+01 3.987566071085003189e-02
7.075000000000000000e+01 3.982439918302436294e-02
7.100000000000000000e+01 3.979390738316586351e-02
7.125000000000000000e+01 3.974048061391300540e-02
7.150000000000000000e+01 3.969851121230027341e-02
7.175000000000000000e+01 3.965882421064405999e-02
7.200000000000000000e+01 3.961049253819132893e-02
7.225000000000000000e+01 3.957578417973633272e-02
7.250000000000000000e+01 3.952619928280855927e-02
7.275000000000000000e+01 3.949694308630633671e-02
7.300000000000000000e+01 3.944678269028061707e-02
7.325000000000000000e+01 3.940630755882967851e-02
7.350000000000000000e+01 3.937052301566137252e-02
7.375000000000000000e+01 3.932408539173327250e-02
7.400000000000000000e+01 3.929290554067374486e-02
7.425000000000000000e+01 3.924646606804414045e-02
7.450000000000000000e+01 3.921436548313540771e-02
7.475000000000000000e+01 3.917579183250413655e-02
7.500000000000000000e+01 3.913305461073923741e-02
7.525000000000000000e+01 3.910286608752348153e-02
7.550000000000000000e+01 3.905693982311052304e-02
7.575000000000000000e+01 3.902941098260728769e-02
7.600000000000000000e+01 3.898876779749050475e-02
7.625000000000000000e+01 3.895213751247705858e-02
7.650000000000000000e+01 3.891778799895886237e-02
7.675000000000000000e+01 3.887378466617055078e-02
7.700000000000000000e+01 3.885242534311297152e-02
7.725000000000000000e+01 3.880504560280086113e-02
7.750000000000000000e+01 3.877970960282966367e-02
7.775000000000000000e+01 3.874315639250801996e-02
7.800000000000000000e+01 3.871021680705141743e-02
7.825000000000000000e+01 3.867940691868673730e-02
7.850000000000000000e+01 3.863934345275391036e-02
7.875000000000000000e+01 3.861658310086878848e-02
7.900000000000000000e+01 3.857744113313994749e-02
7.925000000000000000e+01 3.855186662201946085e-02
7.950000000000000000e+01 3.851661044571007275e-02
7.975000000000000000e+01 3.848646075565434477e-02
8.000000000000000000e+01 3.845557547561414408e-02
8.025000000000000000e+01 3.841894443611097026e-02
8.050000000000000000e+01 3.839926288823159589e-02
8.075000000000000000e+01 3.836400466450081564e-02
8.100000000000000000e+01 3.833607091125937338e-02
8.125000000000000000e+01 3.830930016268319777e-02
8.150000000000000000e+01 3.827716568137492364e-02
8.175000000000000000e+01 3.825450874631694531e-02
8.200000000000000000e+01 3.821646987955328728e-02
8.225000000000000000e+01 3.820157991793087654e-02
8.250000000000000000e+01 3.816691520330370291e-02
8.275000000000000000e+01 3.813909244978644364e-02
8.300000000000000000e+01 3.811600732963035809e-02
8.325000000000000000e+01 3.808291776818074903e-02
8.350000000000000000e+01 3.806474732567857039e-02
8.375000000000000000e+01 3.802541483684591939e-02
8.400000000000000000e+01 3.801924999403584471e-02
8.425000000000000000e+01 3.800086172862734285e-02
8.450000000000000000e+01 3.794224678439896137e-02
8.475000000000000000e+01 3.793899041556984819e-02
8.500000000000000000e+01 3.790924388313625382e-02
8.525000000000000000e+01 3.789199927637682680e-02
8.550000000000000000e+01 3.786328060422629316e-02
8.575000000000000000e+01 3.784634641451674331e-02
8.600000000000000000e+01 3.781925422920076607e-02
8.625000000000000000e+01 3.779307758942875017e-02
8.650000000000000000e+01 3.767346080643314138e-02
8.675000000000000000e+01 3.767343669307236798e-02
8.700000000000000000e+01 3.747334529395489333e-02
8.725000000000000000e+01 3.743906189690620473e-02
8.750000000000000000e+01 3.737167182895830692e-02
8.775000000000000000e+01 3.727197768927966587e-02
8.800000000000000000e+01 3.731112060785488765e-02
8.825000000000000000e+01 3.713933655468851930e-02
8.850000000000000000e+01 3.720801252903672279e-02
8.875000000000000000e+01 3.705655851189721545e-02
8.900000000000000000e+01 3.704638441504889274e-02
8.925000000000000000e+01 3.700516952971959206e-02
8.950000000000000000e+01 3.698572076706046347e-02
8.975000000000000000e+01 3.690569319385231944e-02
9.000000000000000000e+01 3.686771032418296318e-02
9.025000000000000000e+01 3.687986002255486812e-02
9.050000000000000000e+01 3.680100740190844072e-02
9.075000000000000000e+01 3.673601106003666905e-02
9.100000000000000000e+01 3.673918052823061525e-02
9.125000000000000000e+01 3.666648350813786483e-02
9.150000000000000000e+01 3.670818039497180524e-02
9.175000000000000000e+01 3.654560494713819663e-02
9.200000000000000000e+01 3.658964733218570548e-02
9.225000000000000000e+01 3.655398172132946072e-02
9.250000000000000000e+01 3.648034102228481235e-02
9.275000000000000000e+01 3.651452506304461026e-02
9.300000000000000000e+01 3.641156534429464825e-02
9.325000000000000000e+01 3.647171022675246843e-02
9.350000000000000000e+01 3.630779600057533474e-02
9.375000000000000000e+01 3.637995458623650286e-02
9.400000000000000000e+01 3.631017851599747936e-02
9.425000000000000000e+01 3.628286985854782543e-02
9.450000000000000000e+01 3.627722500645648440e-02
9.475000000000000000e+01 3.620619619194558048e-02
9.500000000000000000e+01 3.625001714100425237e-02
9.525000000000000000e+01 3.613037072814820339e-02
9.550000000000000000e+01 3.615954433003539664e-02
9.575000000000000000e+01 3.614571307230914077e-02
9.600000000000000000e+01 3.608029070414397327e-02
9.625000000000000000e+01 3.608616228116919011e-02
9.650000000000000000e+01 3.604883839139246676e-02
9.675000000000000000e+01 3.604438910424450498e-02
9.700000000000000000e+01 3.596401130408052871e-02
9.725000000000000000e+01 3.598890671629940974e-02
9.750000000000000000e+01 3.596892102929463014e-02
9.775000000000000000e+01 3.590613901375596523e-02
9.800000000000000000e+01 3.595189731021730672e-02
9.825000000000000000e+01 3.583763880650682465e-02
9.850000000000000000e+01 3.590184053176990325e-02
9.875000000000000000e+01 3.584148851132420294e-02
9.900000000000000000e+01 3.582141636783396643e-02
9.925000000000000000e+01 3.583193793552491568e-02
9.950000000000000000e+01 3.577345460002926553e-02
9.975000000000000000e+01 3.579157350296820195e-02
1.000000000000000000e+02 3.573877346579228120e-02
1.002500000000000000e+02 3.563378793202381239e-02
1.005000000000000000e+02 3.562310500348041253e-02
1.007500000000000000e+02 3.556866119983509433e-02
1.010000000000000000e+02 3.558604790595717299e-02
1.012500000000000000e+02 3.547027023432652165e-02
1.015000000000000000e+02 3.551860871928250868e-02
1.017500000000000000e+02 3.540144645324440342e-02
1.020000000000000000e+02 3.541894263052532132e-02
1.022500000000000000e+02 3.537169721154183322e-02
1.025000000000000000e+02 3.534335224080219218e-02
1.027500000000000000e+02 3.533647672515838334e-02
1.030000000000000000e+02 3.526292388946836859e-02
1.032500000000000000e+02 3.525321218810495427e-02
1.035000000000000000e+02 3.523351239234914084e-02
1.037500000000000000e+02 3.517668845572849423e-02
1.040000000000000000e+02 3.518053978148313193e-02
1.042500000000000000e+02 3.511987973468704699e-02
1.045000000000000000e+02 3.515189919364537785e-02
1.047500000000000000e+02 3.505617206423478766e-02
1.050000000000000000e+02 3.507436703502080089e-02
1.052500000000000000e+02 3.503240697676691939e-02
1.055000000000000000e+02 3.500763506813577008e-02
1.057500000000000000e+02 3.498913865716336835e-02
1.060000000000000000e+02 3.494939142874478599e-02
1.062500000000000000e+02 3.495465939255008869e-02
1.065000000000000000e+02 3.490336215400852149e-02
1.067500000000000000e+02 3.488130100544929030e-02
1.070000000000000000e+02 3.486964554985809428e-02
1.072500000000000000e+02 3.482210572660713460e-02
1.075000000000000000e+02 3.483101416281626783e-02
1.077500000000000000e+02 3.477582417547641497e-02
1.080000000000000000e+02 3.479754753441866716e-02
1.082500000000000000e+02 3.472698495724182294e-02
1.085000000000000000e+02 3.473292773275885731e-02
1.087500000000000000e+02 3.470528552572679087e-02
1.090000000000000000e+02 3.468145606177460566e-02
1.092500000000000000e+02 3.467257370429464164e-02
1.095000000000000000e+02 3.464004699419032801e-02
1.097500000000000000e+02 3.460742612965495707e-02
1.100000000000000000e+02 3.460371618371779756e-02
1.102500000000000000e+02 3.457225452741227723e-02
1.105000000000000000e+02 3.456650685698761660e-02
1.107500000000000000e+02 3.454439156051845872e-02
1.110000000000000000e+02 3.450338127311774333e-02
1.112500000000000000e+02 3.451536573057367718e-02
1.115000000000000000e+02 3.445707920945156183e-02
1.117500000000000000e+02 3.448793994592493084e-02
1.120000000000000000e+02 3.442857824545720452e-02
1.122500000000000000e+02 3.442215215846036735e-02
1.125000000000000000e+02 3.441668249404095103e-02
1.127500000000000000e+02 3.438344838556449401e-02
1.130000000000000000e+02 3.436159591944980968e-02
1.132500000000000000e+02 3.437742865824318372e-02
1.135000000000000000e+02 3.432260249122337514e-02
1.137500000000000000e+02 3.432946588988194936e-02
1.140000000000000000e+02 3.428703381615499923e-02
1.142500000000000000e+02 3.431056682293836396e-02
1.145000000000000000e+02 3.426428780698487220e-02
1.147500000000000000e+02 3.425976313020177161e-02
1.150000000000000000e+02 3.426360369551519763e-02
1.152500000000000000e+02 3.421081770699766628e-02
1.155000000000000000e+02 3.422951471538328988e-02
1.157500000000000000e+02 3.418455677265509057e-02
1.160000000000000000e+02 3.420868175885938278e-02
1.162500000000000000e+02 3.416235942980751228e-02
1.165000000000000000e+02 3.416527764170668863e-02
1.167500000000000000e+02 3.414648346929276962e-02
1.170000000000000000e+02 3.413585035527721273e-02
1.172500000000000000e+02 3.412634256473543598e-02
1.175000000000000000e+02 3.410078070440043796e-02
1.177500000000000000e+02 3.410348534544541121e-02
1.180000000000000000e+02 3.408990252657151387e-02
1.182500000000000000e+02 3.408051957216990530e-02
1.185000000000000000e+02 3.405645479364688422e-02
1.187500000000000000e+02 3.407116621137980944e-02
1.190000000000000000e+02 3.404033662864423826e-02
1.192500000000000000e+02 3.403591747713535093e-02
1.195000000000000000e+02 3.402155383687238688e-02
1.197500000000000000e+02 3.402204808189222829e-02
1.200000000000000000e+02 3.399879587221495830e-02
1.202500000000000000e+02 3.398722420687119022e-02
1.205000000000000000e+02 3.398791613087151497e-02
1.207500000000000000e+02 3.397274431846802889e-02
1.210000000000000000e+02 3.396526275020902291e-02
1.212500000000000000e+02 3.395348792719183467e-02
1.215000000000000000e+02 3.394189636571030844e-02
1.217500000000000000e+02 3.394013844290713622e-02
1.220000000000000000e+02 3.392671865784126911e-02
1.222500000000000000e+02 3.391824794371482710e-02
1.225000000000000000e+02 3.392122702893808628e-02
1.227500000000000000e+02 3.391012848229699173e-02
1.230000000000000000e+02 3.389798031667522193e-02
1.232500000000000000e+02 3.389338946413279763e-02
1.235000000000000000e+02 3.388581030226792828e-02
1.237500000000000000e+02 3.387272017396041057e-02
1.240000000000000000e+02 3.387638299718788437e-02
1.242500000000000000e+02 3.386122015646848143e-02
1.245000000000000000e+02 3.385466538927833086e-02
1.247500000000000000e+02 3.385265989001051690e-02
1.250000000000000000e+02 3.385109184442058883e-02
1.252500000000000000e+02 3.384179181306343209e-02
1.255000000000000000e+02 3.384759789027788623e-02
1.257500000000000000e+02 3.384410269905754887e-02
1.260000000000000000e+02 3.384280204457797842e-02
1.262500000000000000e+02 3.382609166134319112e-02
1.265000000000000000e+02 3.382661794363239077e-02
1.267500000000000000e+02 3.383553786568040816e-02
1.270000000000000000e+02 3.381037430481236006e-02
1.272500000000000000e+02 3.382048506136706156e-02
1.275000000000000000e+02 3.381633514044603273e-02
1.277500000000000000e+02 3.379346578238408283e-02
1.280000000000000000e+02 3.380616780470527966e-02
1.282500000000000000e+02 3.380278635978462703e-02
1.285000000000000000e+02 3.376975327447952896e-02
1.287500000000000000e+02 3.378988955540730005e-02
1.290000000000000000e+02 3.378553336770886983e-02
1.292500000000000000e+02 3.375971532815748299e-02
1.295000000000000000e+02 3.377314489288894828e-02
1.297500000000000000e+02 3.376539331211075856e-02
1.300000000000000000e+02 3.374762942195396603e-02
1.302500000000000000e+02 3.377097156457347510e-02
1.305000000000000000e+02 3.375069454210222197e-02
1.307500000000000000e+02 3.371299092648519929e-02
1.310000000000000000e+02 3.374987916465274629e-02
1.312500000000000000e+02 3.375543222046029079e-02
1.315000000000000000e+02 3.370744414888297846e-02
1.317500000000000000e+02 3.373635393923232056e-02
1.322500000000000000e+02 3.374542909048484224e-02
