# r C
7.500000000000000000e-01 3.318000133368898541e-01
1.500000000000000000e+00 2.900578154174446310e-01
2.250000000000000000e+00 2.628645305414777367e-01
2.500000000000000000e+00 2.607898773006135373e-01
3.000000000000000000e+00 2.333650497275464031e-01
3.250000000000000000e+00 2.133251756023828716e-01
3.750000000000000000e+00 2.099056665110696218e-01
4.250000000000000000e+00 1.936789477193918418e-01
4.500000000000000000e+00 1.916826903841024055e-01
4.750000000000000000e+00 1.872431648439583929e-01
5.000000000000000000e+00 1.743217080110251449e-01
5.250000000000000000e+00 1.776986613096825929e-01
5.500000000000000000e+00 1.724044745265404244e-01
6.000000000000000000e+00 1.648152618476038112e-01
6.500000000000000000e+00 1.591082121899173030e-01
6.750000000000000000e+00 1.550641565023400115e-01
7.000000000000000000e+00 1.518412409975993527e-01
7.250000000000000000e+00 1.497008877219304923e-01
7.500000000000000000e+00 1.483220823226387153e-01
7.750000000000000000e+00 1.428925296745798823e-01
8.250000000000000000e+00 1.414358606739574975e-01
8.500000000000000000e+00 1.365279788896086588e-01
8.750000000000000000e+00 1.355463790344091646e-01
9.000000000000000000e+00 1.345014984387993551e-01
9.250000000000000000e+00 1.320918578287543499e-01
9.500000000000000000e+00 1.285190884235796194e-01
9.750000000000000000e+00 1.286135427780741580e-01
1.000000000000000000e+01 1.252792578020805458e-01
1.025000000000000000e+01 1.220379434515870970e-01
1.050000000000000000e+01 1.239498574619898597e-01
1.075000000000000000e+01 1.218965390770872237e-01
1.100000000000000000e+01 1.206939517204587836e-01
1.125000000000000000e+01 1.187828821018938330e-01
1.150000000000000000e+01 1.170175630168044933e-01
1.175000000000000000e+01 1.151576253667644656e-01
1.200000000000000000e+01 1.144797145905574742e-01
1.225000000000000000e+01 1.128234795945585456e-01
1.250000000000000000e+01 1.133574953320885675e-01
1.275000000000000000e+01 1.115032971755431090e-01
1.300000000000000000e+01 1.090905974926647121e-01
1.325000000000000000e+01 1.080270212340316144e-01
1.350000000000000000e+01 1.077782334568076483e-01
1.375000000000000000e+01 1.055577729818860805e-01
1.400000000000000000e+01 1.041985418333777891e-01
1.425000000000000000e+01 1.050991697786076290e-01
1.450000000000000000e+01 1.032614030408108702e-01
1.475000000000000000e+01 1.007334900417889284e-01
1.500000000000000000e+01 1.023985207649576040e-01
1.525000000000000000e+01 9.996002267271272834e-02
1.550000000000000000e+01 9.892344019011130307e-02
1.575000000000000000e+01 9.912111748318069848e-02
1.600000000000000000e+01 9.814237129901307033e-02
1.625000000000000000e+01 9.639578331999644478e-02
1.650000000000000000e+01 9.617909775940250428e-02
1.675000000000000000e+01 9.565389103761001710e-02
1.700000000000000000e+01 9.424797279274473027e-02
1.725000000000000000e+01 9.417224883157247761e-02
1.750000000000000000e+01 9.299960465647981456e-02
1.775000000000000000e+01 9.252976904952431303e-02
1.800000000000000000e+01 9.157274583567112658e-02
1.825000000000000000e+01 9.070830888236862399e-02
1.850000000000000000e+01 9.001982433410814222e-02
1.875000000000000000e+01 9.010294133991285370e-02
1.900000000000000000e+01 8.849230703945293319e-02
1.925000000000000000e+01 8.790906908508935858e-02
1.950000000000000000e+01 8.803988396905841618e-02
1.975000000000000000e+01 8.648087368752879756e-02
2.000000000000000000e+01 8.616515237396639437e-02
2.025000000000000000e+01 8.612907886547523095e-02
2.050000000000000000e+01 8.528042477994131343e-02
2.075000000000000000e+01 8.431993986275128361e-02
2.100000000000000000e+01 8.438338825837428392e-02
2.125000000000000000e+01 8.359611081473578009e-02
2.150000000000000000e+01 8.227895216502177644e-02
2.175000000000000000e+01 8.319908086600871777e-02
2.200000000000000000e+01 8.169401840490797539e-02
2.225000000000000000e+01 8.153187516671112078e-02
2.250000000000000000e+01 8.088104827954120668e-02
2.275000000000000000e+01 8.051201801962004634e-02
2.300000000000000000e+01 7.982460322752733817e-02
2.325000000000000000e+01 7.971746583402632147e-02
2.350000000000000000e+01 7.924202287276607692e-02
2.375000000000000000e+01 7.821333096233069881e-02
2.400000000000000000e+01 7.833106867713743315e-02
2.425000000000000000e+01 7.721546116001302973e-02
2.450000000000000000e+01 7.717113611248713201e-02
2.475000000000000000e+01 7.721289598794972564e-02
2.500000000000000000e+01 7.614850960256068502e-02
2.525000000000000000e+01 7.522039953130804646e-02
2.550000000000000000e+01 7.602690206331358391e-02
2.575000000000000000e+01 7.490872467952237879e-02
2.600000000000000000e+01 7.438050702409530757e-02
2.625000000000000000e+01 7.519745741721602095e-02
2.650000000000000000e+01 7.397786682509274736e-02
2.675000000000000000e+01 7.235525769834919019e-02
2.700000000000000000e+01 7.410281408375567203e-02
2.725000000000000000e+01 7.292822025267343966e-02
2.750000000000000000e+01 7.225024450964702416e-02
2.775000000000000000e+01 7.267535972555644319e-02
2.800000000000000000e+01 7.207098559615897349e-02
2.825000000000000000e+01 7.027140948082709337e-02
2.850000000000000000e+01 7.195336429556310753e-02
2.875000000000000000e+01 7.085672846092290478e-02
2.900000000000000000e+01 7.041643697578614525e-02
2.925000000000000000e+01 7.080361429714589205e-02
2.950000000000000000e+01 7.013073486263003697e-02
2.975000000000000000e+01 6.913907554835135860e-02
3.000000000000000000e+01 7.042285180810121947e-02
3.025000000000000000e+01 6.890051347025873130e-02
3.050000000000000000e+01 6.853177514003734594e-02
3.075000000000000000e+01 6.919580148909273976e-02
3.100000000000000000e+01 6.798354481830075347e-02
3.125000000000000000e+01 6.693372075013874489e-02
3.150000000000000000e+01 6.878083880252196247e-02
3.175000000000000000e+01 6.787686716457722036e-02
3.200000000000000000e+01 6.689186603607116810e-02
3.225000000000000000e+01 6.777835301534955448e-02
3.250000000000000000e+01 6.687469714145995170e-02
3.275000000000000000e+01 6.617021364427339014e-02
3.300000000000000000e+01 6.691338991210664389e-02
3.325000000000000000e+01 6.614099712304233325e-02
3.350000000000000000e+01 6.602707388636969155e-02
3.375000000000000000e+01 6.636021727005989024e-02
3.400000000000000000e+01 6.555583869984375756e-02
3.425000000000000000e+01 6.501202320618831854e-02
3.450000000000000000e+01 6.563419465048835055e-02
3.475000000000000000e+01 6.487975603017948067e-02
3.500000000000000000e+01 6.448678695271120587e-02
3.525000000000000000e+01 6.557752067217924308e-02
3.550000000000000000e+01 6.425000238158747046e-02
3.575000000000000000e+01 6.389005401440384091e-02
3.600000000000000000e+01 6.471109458976295747e-02
3.625000000000000000e+01 6.349289179817320383e-02
3.650000000000000000e+01 6.375406472028904981e-02
3.675000000000000000e+01 6.419392852586776332e-02
3.700000000000000000e+01 6.360277264413367881e-02
3.725000000000000000e+01 6.289913262584308218e-02
3.750000000000000000e+01 6.165576786346690930e-02
3.775000000000000000e+01 6.161617380087903995e-02
3.800000000000000000e+01 6.151819108587464058e-02
3.825000000000000000e+01 5.841251832191102222e-02
3.850000000000000000e+01 5.997048887532276801e-02
3.875000000000000000e+01 5.912426587216530055e-02
3.900000000000000000e+01 5.768115603425114091e-02
3.925000000000000000e+01 5.825273314157186633e-02
3.950000000000000000e+01 5.731624782919603894e-02
3.975000000000000000e+01 5.667100897764642403e-02
4.000000000000000000e+01 5.619638570285409584e-02
4.025000000000000000e+01 5.741110191317144729e-02
4.050000000000000000e+01 5.539497346698113445e-02
4.075000000000000000e+01 5.564901853030215090e-02
4.100000000000000000e+01 5.632318953140812851e-02
4.125000000000000000e+01 5.406080068856424642e-02
4.150000000000000000e+01 5.604618747061706346e-02
4.175000000000000000e+01 5.397633337334453718e-02
4.200000000000000000e+01 5.434728444382475737e-02
4.225000000000000000e+01 5.527122984119167692e-02
4.250000000000000000e+01 5.414476270049542461e-02
4.275000000000000000e+01 5.371312368580111879e-02
4.300000000000000000e+01 5.362303917530625991e-02
4.325000000000000000e+01 5.476450925908423611e-02
4.350000000000000000e+01 5.280834752668595033e-02
4.375000000000000000e+01 5.372801837270341219e-02
4.400000000000000000e+01 5.352983941366892817e-02
4.425000000000000000e+01 5.258008002286367749e-02
4.450000000000000000e+01 5.276635436116297595e-02
4.475000000000000000e+01 5.345620984521114866e-02
4.500000000000000000e+01 5.209165772330170280e-02
4.525000000000000000e+01 5.285981995303122571e-02
4.550000000000000000e+01 5.249352773659064775e-02
4.575000000000000000e+01 5.156115744311608184e-02
4.600000000000000000e+01 5.219939256529013832e-02
4.625000000000000000e+01 5.224665466346581355e-02
4.650000000000000000e+01 5.131865093613747347e-02
4.675000000000000000e+01 5.200434650824442562e-02
4.700000000000000000e+01 5.165976148067838447e-02
4.725000000000000000e+01 5.096156607081916284e-02
4.750000000000000000e+01 5.129177920042679584e-02
4.775000000000000000e+01 5.148927908922271146e-02
4.800000000000000000e+01 5.069335957666494530e-02
4.825000000000000000e+01 5.073441949681093549e-02
4.850000000000000000e+01 5.156051210242048460e-02
4.875000000000000000e+01 5.016850055016505022e-02
4.900000000000000000e+01 5.073601462190375361e-02
4.925000000000000000e+01 5.050814139586667223e-02
4.950000000000000000e+01 5.040802063470443961e-02
4.975000000000000000e+01 5.016623766337689749e-02
5.000000000000000000e+01 5.007430694484138467e-02
5.025000000000000000e+01 4.996033814145310614e-02
5.050000000000000000e+01 4.964486846053816488e-02
5.075000000000000000e+01 5.010298985196232069e-02
5.100000000000000000e+01 4.978206915783602721e-02
5.125000000000000000e+01 4.958658142171246119e-02
5.150000000000000000e+01 4.994039774064485543e-02
5.175000000000000000e+01 4.927316276174809745e-02
5.200000000000000000e+01 4.963490264070419267e-02
5.225000000000000000e+01 4.926010288653900893e-02
5.250000000000000000e+01 4.949642571352360493e-02
5.275000000000000000e+01 4.970041723822588020e-02
5.300000000000000000e+01 4.911729065447270615e-02
5.325000000000000000e+01 4.937565017337956774e-02
5.350000000000000000e+01 4.942396849212302851e-02
5.375000000000000000e+01 4.932293611629768454e-02
5.400000000000000000e+01 4.905172413793103259e-02
5.425000000000000000e+01 4.850288670401280144e-02
5.450000000000000000e+01 4.929903725931483044e-02
5.475000000000000000e+01 4.926244298631671237e-02
5.500000000000000000e+01 4.976615323064613461e-02
5.525000000000000000e+01 4.908862363296879333e-02
5.550000000000000000e+01 4.800480192076830854e-02
5.575000000000000000e+01 4.911526407041878067e-02
5.625000000000000000e+01 4.931315729309556500e-02
5.650000000000000000e+01 4.891331021605761775e-02
5.725000000000000000e+01 4.794837935174069837e-02
