# L PDF
1.053724972736073084e+01 2.317005997813719742e-01
1.169989106589065919e+01 0.000000000000000000e+00
1.299081396906347408e+01 0.000000000000000000e+00
1.442417255241065810e+01 1.372064271296928317e-01
1.601568264445835510e+01 0.000000000000000000e+00
1.778279410038922848e+01 9.569819204153219572e-02
1.974488212815936450e+01 0.000000000000000000e+00
2.192345972483446914e+01 2.165828032875161818e-02
2.434241355236920512e+01 0.000000000000000000e+00
2.702826583905163460e+01 1.950353350789018128e-02
3.001046517818873482e+01 1.551685519166112921e-02
3.332170941244817897e+01 6.614531194500814643e-03
3.699830414406963541e+01 5.780459667434973553e-03
4.108056080177274083e+01 4.935393343485815904e-03
4.561323862890213832e+01 2.380200925679520300e-03
5.064603543891708881e+01 2.014538560207047597e-03
5.623413251903490817e+01 2.977394666861212479e-03
6.243879965653627551e+01 1.152217801024649040e-03
6.932806692144527005e+01 1.660351419182445930e-03
7.697747057123714853e+01 1.087533826555107247e-03
8.547088125592514984e+01 1.086592250558463457e-03
9.490142360424729873e+01 4.755243978198571983e-04
1.053724972736073084e+02 5.524070018896894531e-04
1.169989106589065955e+02 3.968925723242236925e-04
1.299081396906348118e+02 3.524180283862626459e-04
1.442417255241066414e+02 2.720550438791039601e-04
1.601568264445835439e+02 2.041836629644376675e-04
1.778279410038922776e+02 1.765377870097460222e-04
1.974488212815936663e+02 1.424329111896621692e-04
2.192345972483447838e+02 1.551281786632355828e-04
2.434241355236920867e+02 1.370260001125196117e-04
2.702826583905163602e+02 1.476073875907321989e-04
3.001046517818873554e+02 1.067873461223868748e-04
3.332170941244818323e+02 1.158033651262754625e-04
3.699830414406964110e+02 7.601216076443541813e-05
4.108056080177276499e+02 7.005074423012064093e-05
4.561323862890214969e+02 3.441254350380076415e-05
5.064603543891709023e+02 7.748225231565497337e-06
5.623413251903490391e+02 0.000000000000000000e+00
6.243879965653625277e+02 0.000000000000000000e+00
6.932806692144527005e+02 0.000000000000000000e+00
7.697747057123714285e+02 0.000000000000000000e+00
8.547088125592514416e+02 0.000000000000000000e+00
9.490142360424729304e+02 0.000000000000000000e+00
1.053724972736073141e+03 0.000000000000000000e+00
1.169989106589066068e+03 0.000000000000000000e+00
1.299081396906347436e+03 0.000000000000000000e+00
1.442417255241065732e+03 0.000000000000000000e+00
1.601568264445835666e+03 0.000000000000000000e+00
1.778279410038923743e+03 0.000000000000000000e+00
1.974488212815937914e+03 0.000000000000000000e+00
2.192345972483447895e+03 0.000000000000000000e+00
2.434241355236920754e+03 0.000000000000000000e+00
2.702826583905163716e+03 0.000000000000000000e+00
3.001046517818873326e+03 0.000000000000000000e+00
3.332170941244818096e+03 0.000000000000000000e+00
3.699830414406963882e+03 0.000000000000000000e+00
4.108056080177274453e+03 0.000000000000000000e+00
4.561323862890215423e+03 0.000000000000000000e+00
5.064603543891711524e+03 0.000000000000000000e+00
5.623413251903493801e+03 0.000000000000000000e+00
6.243879965653628460e+03 0.000000000000000000e+00
6.932806692144527005e+03 0.000000000000000000e+00
7.697747057123714512e+03 0.000000000000000000e+00
8.547088125592514189e+03 0.000000000000000000e+00
9.490142360424730214e+03 0.000000000000000000e+00
1.053724972736072414e+04 0.000000000000000000e+00
1.169989106589065159e+04 0.000000000000000000e+00
1.299081396906347982e+04 0.000000000000000000e+00
1.442417255241066232e+04 0.000000000000000000e+00
1.601568264445835484e+04 0.000000000000000000e+00
1.778279410038924470e+04 0.000000000000000000e+00
1.974488212815938823e+04 0.000000000000000000e+00
2.192345972483446167e+04 0.000000000000000000e+00
2.434241355236919117e+04 0.000000000000000000e+00
2.702826583905164807e+04 0.000000000000000000e+00
3.001046517818875145e+04 0.000000000000000000e+00
3.332170941244816640e+04 0.000000000000000000e+00
3.699830414406962518e+04 0.000000000000000000e+00
4.108056080177275726e+04 0.000000000000000000e+00
4.561323862890215241e+04 0.000000000000000000e+00
5.064603543891708978e+04 0.000000000000000000e+00
5.623413251903496712e+04 0.000000000000000000e+00
6.243879965653631371e+04 0.000000000000000000e+00
6.932806692144523549e+04 0.000000000000000000e+00
7.697747057123709237e+04 0.000000000000000000e+00
8.547088125592518190e+04 0.000000000000000000e+00
9.490142360424734943e+04 0.000000000000000000e+00
1.053724972736073541e+05 0.000000000000000000e+00
1.169989106589066505e+05 0.000000000000000000e+00
1.299081396906348091e+05 0.000000000000000000e+00
1.442417255241066450e+05 0.000000000000000000e+00
1.601568264445835375e+05 0.000000000000000000e+00
1.778279410038922797e+05 0.000000000000000000e+00
1.974488212815936713e+05 0.000000000000000000e+00
2.192345972483446531e+05 0.000000000000000000e+00
2.434241355236919480e+05 0.000000000000000000e+00
2.702826583905164734e+05 0.000000000000000000e+00
3.001046517818875145e+05 0.000000000000000000e+00
