# r C
7.500000000000000000e-01 2.238518234548969865e-01
1.500000000000000000e+00 1.342828588572571313e-01
2.250000000000000000e+00 9.821909793986266513e-02
2.500000000000000000e+00 9.413907593839589139e-02
3.000000000000000000e+00 7.855918013581858483e-02
3.250000000000000000e+00 7.159297286485766243e-02
3.750000000000000000e+00 7.350290852723515012e-02
4.250000000000000000e+00 6.377945196346422596e-02
4.500000000000000000e+00 6.607232148809920325e-02
4.750000000000000000e+00 6.077235149009933834e-02
5.000000000000000000e+00 5.494686312420828112e-02
5.250000000000000000e+00 5.988135875725048018e-02
5.500000000000000000e+00 5.078213547569838254e-02
6.000000000000000000e+00 5.165930617596728447e-02
6.500000000000000000e+00 4.649279951996799359e-02
6.750000000000000000e+00 5.042987108231457988e-02
7.000000000000000000e+00 4.630363690912727564e-02
7.250000000000000000e+00 4.494919682480154333e-02
7.500000000000000000e+00 4.708915612948390284e-02
7.750000000000000000e+00 4.157589672644843026e-02
8.250000000000000000e+00 4.294881881014289693e-02
8.500000000000000000e+00 3.859770651376758649e-02
8.750000000000000000e+00 3.729368624574971869e-02
9.000000000000000000e+00 3.817370569802693014e-02
9.250000000000000000e+00 3.704825321688112738e-02
9.500000000000000000e+00 3.425957563837589426e-02
9.750000000000000000e+00 3.534151443429561779e-02
1.000000000000000000e+01 3.220328021868124058e-02
1.025000000000000000e+01 3.169557970531368396e-02
1.050000000000000000e+01 3.292725765051003617e-02
1.075000000000000000e+01 3.073549569971331663e-02
1.100000000000000000e+01 3.089820988065871202e-02
1.125000000000000000e+01 3.041648776585105518e-02
1.150000000000000000e+01 2.871657277151810211e-02
1.175000000000000000e+01 2.734630642042802998e-02
1.200000000000000000e+01 2.816103406893792974e-02
1.225000000000000000e+01 2.714599639975998416e-02
1.250000000000000000e+01 2.634572304820321370e-02
1.275000000000000000e+01 2.653794697424272792e-02
1.300000000000000000e+01 2.531932128808587340e-02
1.325000000000000000e+01 2.483947539484681125e-02
1.350000000000000000e+01 2.434935592411098873e-02
1.375000000000000000e+01 2.394189915691348827e-02
1.400000000000000000e+01 2.337620285796830968e-02
1.425000000000000000e+01 2.338115207680512009e-02
1.450000000000000000e+01 2.272291486099073388e-02
1.475000000000000000e+01 2.254323621574771605e-02
1.500000000000000000e+01 2.207754719879876162e-02
1.525000000000000000e+01 2.174312954196946576e-02
1.550000000000000000e+01 2.145410300080611427e-02
1.575000000000000000e+01 2.111362979754205851e-02
1.600000000000000000e+01 2.053811504100273161e-02
1.625000000000000000e+01 2.016967797853190178e-02
1.650000000000000000e+01 1.993852209194898681e-02
1.675000000000000000e+01 1.964494299619974627e-02
1.700000000000000000e+01 1.944035602373491572e-02
1.725000000000000000e+01 1.902564808668404106e-02
1.750000000000000000e+01 1.853289743125732109e-02
1.775000000000000000e+01 1.848936595773051708e-02
1.800000000000000000e+01 1.822167224941433072e-02
1.825000000000000000e+01 1.802348823254883506e-02
1.850000000000000000e+01 1.767436400521939580e-02
1.875000000000000000e+01 1.746130853167988939e-02
1.900000000000000000e+01 1.713569995575462551e-02
1.925000000000000000e+01 1.707344489632642293e-02
1.950000000000000000e+01 1.674261172967086639e-02
1.975000000000000000e+01 1.642951954372715712e-02
2.000000000000000000e+01 1.639660144009600501e-02
2.025000000000000000e+01 1.604823877147365171e-02
2.050000000000000000e+01 1.577595173011534305e-02
2.075000000000000000e+01 1.557245634557455349e-02
2.100000000000000000e+01 1.548450111727878512e-02
2.125000000000000000e+01 1.523956782304005525e-02
2.150000000000000000e+01 1.496346423094872986e-02
2.175000000000000000e+01 1.481314865435473353e-02
2.200000000000000000e+01 1.460382173626390001e-02
2.225000000000000000e+01 1.441366091072738241e-02
2.250000000000000000e+01 1.433393273837303521e-02
2.275000000000000000e+01 1.405498514715795844e-02
2.300000000000000000e+01 1.400513367557837223e-02
2.325000000000000000e+01 1.383196526827278755e-02
2.350000000000000000e+01 1.357272984865657769e-02
2.375000000000000000e+01 1.348092835818684269e-02
2.400000000000000000e+01 1.328754269892502664e-02
2.425000000000000000e+01 1.314521338459601063e-02
2.450000000000000000e+01 1.298525615993447249e-02
2.475000000000000000e+01 1.288909848891886881e-02
2.500000000000000000e+01 1.262785519034602399e-02
2.525000000000000000e+01 1.261805401775828450e-02
2.550000000000000000e+01 1.241456580701116169e-02
2.575000000000000000e+01 1.228432483734209768e-02
2.600000000000000000e+01 1.215159066159966252e-02
2.625000000000000000e+01 1.202353014010457827e-02
2.650000000000000000e+01 1.189080787203995390e-02
2.675000000000000000e+01 1.177038469231281997e-02
2.700000000000000000e+01 1.159682264531921095e-02
2.725000000000000000e+01 1.148984780803568792e-02
2.750000000000000000e+01 1.140306687112474168e-02
2.775000000000000000e+01 1.124845174863509448e-02
2.800000000000000000e+01 1.112043858479454250e-02
2.825000000000000000e+01 1.107465677803379407e-02
2.850000000000000000e+01 1.089713303669786852e-02
2.875000000000000000e+01 1.085641709447296432e-02
2.900000000000000000e+01 1.064902845374876734e-02
2.925000000000000000e+01 1.056984751364376668e-02
2.950000000000000000e+01 1.064331288752583607e-02
2.975000000000000000e+01 1.038816690343458832e-02
3.000000000000000000e+01 1.040529940091244193e-02
3.025000000000000000e+01 1.026707113807587279e-02
3.050000000000000000e+01 1.009988284933281341e-02
3.075000000000000000e+01 9.988716639080285134e-03
3.100000000000000000e+01 9.903107826236033986e-03
3.125000000000000000e+01 9.873117211165917048e-03
3.150000000000000000e+01 9.740973193388595061e-03
3.175000000000000000e+01 9.701454171018808470e-03
3.200000000000000000e+01 9.613597316744193141e-03
3.225000000000000000e+01 9.467829673493383114e-03
3.250000000000000000e+01 9.348292663955374421e-03
3.275000000000000000e+01 9.301547087266135577e-03
3.300000000000000000e+01 9.163892226961472057e-03
3.325000000000000000e+01 9.150764812892286937e-03
3.350000000000000000e+01 9.127301079331214331e-03
3.375000000000000000e+01 8.908086296662200837e-03
3.400000000000000000e+01 8.836155743716246624e-03
3.425000000000000000e+01 8.795579705313688948e-03
3.450000000000000000e+01 8.744503534278171009e-03
3.475000000000000000e+01 8.651776785119007912e-03
3.500000000000000000e+01 8.552596363567093948e-03
3.525000000000000000e+01 8.479353009498879351e-03
3.550000000000000000e+01 8.403393559570638410e-03
3.575000000000000000e+01 8.348219881325421102e-03
3.600000000000000000e+01 8.324115224702922922e-03
3.625000000000000000e+01 8.220573263442786799e-03
3.650000000000000000e+01 8.186000278806466329e-03
3.675000000000000000e+01 8.095013580615519067e-03
3.700000000000000000e+01 8.066373472517214538e-03
3.725000000000000000e+01 7.940305544179135713e-03
3.750000000000000000e+01 7.914532573776522986e-03
3.775000000000000000e+01 7.824693868480120038e-03
3.800000000000000000e+01 7.800488032535501590e-03
3.825000000000000000e+01 7.692239800113658509e-03
3.850000000000000000e+01 7.673783807809409635e-03
3.875000000000000000e+01 7.635560552521683357e-03
3.900000000000000000e+01 7.534144381555261775e-03
3.925000000000000000e+01 7.505127008467231582e-03
3.950000000000000000e+01 7.466927795186346396e-03
3.975000000000000000e+01 7.410043155419401145e-03
4.000000000000000000e+01 7.334288952596839523e-03
4.025000000000000000e+01 7.323853071686260187e-03
4.050000000000000000e+01 7.197006723525157905e-03
4.075000000000000000e+01 7.183115716486362760e-03
4.100000000000000000e+01 7.158415005444807369e-03
4.125000000000000000e+01 7.051147854301397649e-03
4.150000000000000000e+01 7.003552617793567733e-03
4.175000000000000000e+01 6.956543769584638999e-03
4.200000000000000000e+01 6.898875798069077463e-03
4.225000000000000000e+01 6.880185345689712566e-03
4.250000000000000000e+01 6.817901585595902841e-03
4.275000000000000000e+01 6.724748316554437187e-03
4.300000000000000000e+01 6.732040959593384687e-03
4.325000000000000000e+01 6.661655538940690520e-03
4.350000000000000000e+01 6.564597639842656429e-03
4.375000000000000000e+01 6.560115118785696600e-03
4.400000000000000000e+01 6.493614157610507961e-03
4.425000000000000000e+01 6.416899221852885235e-03
4.450000000000000000e+01 6.431758942659670034e-03
4.475000000000000000e+01 6.384523253931214185e-03
4.500000000000000000e+01 6.328943040647154114e-03
4.525000000000000000e+01 6.290254438015165268e-03
4.550000000000000000e+01 6.212580838722581503e-03
4.575000000000000000e+01 6.192427534384645389e-03
4.600000000000000000e+01 6.145207299534254791e-03
4.625000000000000000e+01 6.114537094490318965e-03
4.650000000000000000e+01 6.060572485785229932e-03
4.675000000000000000e+01 6.026293225749932911e-03
4.700000000000000000e+01 6.007379439331043090e-03
4.725000000000000000e+01 5.938726949612732273e-03
4.750000000000000000e+01 5.929232124246879704e-03
4.775000000000000000e+01 5.916732544074366357e-03
4.800000000000000000e+01 5.853099496250569779e-03
4.825000000000000000e+01 5.840078769478940918e-03
4.850000000000000000e+01 5.818343445118563662e-03
4.875000000000000000e+01 5.706242781776850112e-03
4.900000000000000000e+01 5.737231501707957051e-03
4.925000000000000000e+01 5.671830849835836352e-03
4.950000000000000000e+01 5.640752050421561636e-03
4.975000000000000000e+01 5.614530302020134117e-03
5.000000000000000000e+01 5.560386692446162536e-03
5.025000000000000000e+01 5.515763677174437968e-03
5.050000000000000000e+01 5.485885333532039033e-03
5.075000000000000000e+01 5.433667800075560154e-03
5.100000000000000000e+01 5.444190638350249190e-03
5.125000000000000000e+01 5.364173484581511928e-03
5.150000000000000000e+01 5.397272516580470074e-03
5.175000000000000000e+01 5.277851250689439763e-03
5.200000000000000000e+01 5.294036993770599026e-03
5.225000000000000000e+01 5.238788470259206874e-03
5.250000000000000000e+01 5.222420362698201521e-03
5.275000000000000000e+01 5.211895793052870145e-03
5.300000000000000000e+01 5.185775347986162562e-03
5.325000000000000000e+01 5.131630997622063824e-03
5.350000000000000000e+01 5.125870613596461220e-03
5.375000000000000000e+01 5.067678196090265492e-03
5.400000000000000000e+01 5.089804109006328126e-03
5.425000000000000000e+01 5.056651924943144326e-03
5.450000000000000000e+01 5.014412960864057800e-03
5.475000000000000000e+01 4.993532902193479825e-03
5.500000000000000000e+01 4.988296189442932398e-03
5.525000000000000000e+01 4.964125536297014397e-03
5.550000000000000000e+01 4.969309357465936071e-03
5.575000000000000000e+01 4.927599521127495712e-03
5.600000000000000000e+01 4.915972829561186461e-03
5.625000000000000000e+01 4.850335392729884960e-03
5.650000000000000000e+01 4.793472898193212525e-03
5.675000000000000000e+01 4.795618120573118086e-03
5.700000000000000000e+01 4.822470517642353169e-03
5.725000000000000000e+01 4.767787296930906839e-03
5.750000000000000000e+01 4.741635156629489013e-03
5.775000000000000000e+01 4.719485600115275875e-03
5.800000000000000000e+01 4.689864657643842347e-03
5.825000000000000000e+01 4.640622098023584538e-03
5.850000000000000000e+01 4.679827488388642147e-03
5.875000000000000000e+01 4.644936873342576759e-03
5.900000000000000000e+01 4.627624194554146551e-03
5.925000000000000000e+01 4.565285304734601791e-03
5.950000000000000000e+01 4.543109540636042047e-03
5.975000000000000000e+01 4.538441229415294750e-03
6.000000000000000000e+01 4.551125630597595458e-03
6.025000000000000000e+01 4.522444829655310194e-03
6.050000000000000000e+01 4.500462993829218786e-03
6.075000000000000000e+01 4.455688474469726712e-03
6.100000000000000000e+01 4.440332022134809570e-03
6.125000000000000000e+01 4.410076259278155122e-03
6.150000000000000000e+01 4.448209140959873825e-03
6.175000000000000000e+01 4.378538139101747009e-03
6.200000000000000000e+01 4.413421212207797178e-03
6.225000000000000000e+01 4.366475639438764829e-03
6.250000000000000000e+01 4.316183578905260013e-03
6.275000000000000000e+01 4.304157777185145528e-03
6.300000000000000000e+01 4.331053345943227696e-03
6.325000000000000000e+01 4.266094551230951298e-03
6.350000000000000000e+01 4.254068937929194986e-03
6.375000000000000000e+01 4.251118761452783550e-03
6.400000000000000000e+01 4.217689088877111560e-03
6.425000000000000000e+01 4.180329669036760010e-03
6.450000000000000000e+01 4.210196991856194650e-03
6.475000000000000000e+01 4.158234005723838306e-03
6.500000000000000000e+01 4.154004469863208440e-03
6.525000000000000000e+01 4.133744813756814497e-03
6.550000000000000000e+01 4.107914601714188728e-03
6.575000000000000000e+01 4.102683681736974362e-03
6.600000000000000000e+01 4.104825253190396046e-03
6.625000000000000000e+01 4.072585484193569881e-03
6.650000000000000000e+01 4.062923891895823224e-03
6.675000000000000000e+01 4.065640961429949247e-03
6.700000000000000000e+01 4.023728248549903602e-03
6.725000000000000000e+01 4.013125512715340001e-03
6.750000000000000000e+01 4.079680636717772715e-03
6.775000000000000000e+01 4.002033468897926889e-03
6.800000000000000000e+01 3.984202518263122578e-03
6.825000000000000000e+01 3.999866657777185509e-03
6.850000000000000000e+01 3.956285180916823546e-03
6.875000000000000000e+01 3.923342715601329730e-03
6.900000000000000000e+01 3.976496323383584171e-03
6.925000000000000000e+01 3.936018685398699063e-03
6.950000000000000000e+01 3.900674711647443040e-03
6.975000000000000000e+01 3.945058499395455096e-03
7.000000000000000000e+01 3.900688002856104487e-03
7.025000000000000000e+01 3.878387725848389707e-03
7.050000000000000000e+01 3.922862248787599947e-03
7.075000000000000000e+01 3.901581900331816798e-03
7.100000000000000000e+01 3.865509162599144264e-03
7.125000000000000000e+01 3.898765608764161259e-03
7.150000000000000000e+01 3.871877878278304815e-03
7.175000000000000000e+01 3.848432951085627943e-03
7.200000000000000000e+01 3.916554436962463651e-03
7.225000000000000000e+01 3.839980729898122194e-03
7.250000000000000000e+01 3.836966532232092414e-03
7.275000000000000000e+01 3.835637009947004839e-03
7.300000000000000000e+01 3.825371691446096279e-03
7.325000000000000000e+01 3.783234931711496486e-03
7.350000000000000000e+01 3.818921261417427930e-03
7.375000000000000000e+01 3.784791713386952833e-03
7.400000000000000000e+01 3.769788223976836689e-03
7.425000000000000000e+01 3.807292899986435952e-03
7.450000000000000000e+01 3.732924130425899559e-03
7.475000000000000000e+01 3.733360001777896210e-03
7.500000000000000000e+01 3.690895196839709923e-03
7.525000000000000000e+01 3.683398225459189133e-03
7.550000000000000000e+01 3.668631854246902271e-03
7.575000000000000000e+01 3.550972750517134881e-03
7.600000000000000000e+01 3.547406803049990565e-03
7.625000000000000000e+01 3.579317121893891077e-03
7.650000000000000000e+01 3.459172843940829054e-03
7.675000000000000000e+01 3.490699997333159086e-03
7.700000000000000000e+01 3.507191937029999380e-03
7.725000000000000000e+01 3.384460043942120067e-03
7.750000000000000000e+01 3.417940227698199225e-03
7.775000000000000000e+01 3.433691860170185513e-03
7.800000000000000000e+01 3.330636520178196190e-03
7.825000000000000000e+01 3.353922807625473509e-03
7.850000000000000000e+01 3.356047546026878249e-03
7.875000000000000000e+01 3.322273087672343497e-03
7.900000000000000000e+01 3.306723427258598420e-03
7.925000000000000000e+01 3.297769777236733615e-03
7.950000000000000000e+01 3.259360165875247774e-03
7.975000000000000000e+01 3.271587894537383249e-03
8.000000000000000000e+01 3.313787585839055982e-03
8.025000000000000000e+01 3.217254090785952661e-03
8.050000000000000000e+01 3.274845462180525808e-03
8.075000000000000000e+01 3.256056266280390760e-03
8.100000000000000000e+01 3.193830729242086355e-03
8.125000000000000000e+01 3.230052016620946122e-03
8.150000000000000000e+01 3.232167161231145388e-03
8.175000000000000000e+01 3.207893287468717523e-03
8.200000000000000000e+01 3.193283600747551416e-03
8.225000000000000000e+01 3.241954858337093258e-03
8.250000000000000000e+01 3.136928273644243315e-03
8.275000000000000000e+01 3.203111094794967254e-03
8.300000000000000000e+01 3.160589577216964003e-03
8.325000000000000000e+01 3.155840089472151944e-03
8.350000000000000000e+01 3.187635965854513850e-03
8.375000000000000000e+01 3.088688661736848067e-03
8.400000000000000000e+01 3.154684043494720459e-03
8.425000000000000000e+01 3.150385473922012649e-03
8.450000000000000000e+01 3.154692362446981889e-03
8.475000000000000000e+01 3.125670386617269113e-03
8.500000000000000000e+01 3.121278489494264466e-03
8.525000000000000000e+01 3.147886456363096098e-03
8.550000000000000000e+01 3.068888651568247358e-03
8.575000000000000000e+01 3.078555162196372832e-03
8.600000000000000000e+01 3.094014963316394935e-03
8.625000000000000000e+01 3.026048494572460175e-03
8.650000000000000000e+01 3.069052485626516495e-03
8.675000000000000000e+01 3.033758628745846300e-03
8.700000000000000000e+01 2.990691391221478139e-03
8.725000000000000000e+01 2.999806236678771460e-03
8.750000000000000000e+01 2.999292548049321393e-03
8.775000000000000000e+01 2.951331884292552124e-03
8.800000000000000000e+01 2.937390394348188011e-03
8.825000000000000000e+01 2.923963797500303552e-03
8.850000000000000000e+01 2.920137723139345012e-03
8.875000000000000000e+01 2.940060131369807810e-03
8.900000000000000000e+01 2.893101037596935467e-03
8.925000000000000000e+01 2.880082349508947780e-03
8.950000000000000000e+01 2.892994407448369176e-03
8.975000000000000000e+01 2.828461525082758953e-03
9.000000000000000000e+01 2.845625040587051145e-03
9.025000000000000000e+01 2.841142944883194316e-03
9.050000000000000000e+01 2.805390013570738771e-03
9.075000000000000000e+01 2.858560016239969446e-03
9.100000000000000000e+01 2.792916647589120237e-03
9.125000000000000000e+01 2.769741534266908101e-03
9.150000000000000000e+01 2.818913590392855412e-03
9.175000000000000000e+01 2.750538055582756134e-03
9.200000000000000000e+01 2.757027377153600887e-03
9.225000000000000000e+01 2.806780172135258777e-03
9.250000000000000000e+01 2.750404822248099165e-03
9.275000000000000000e+01 2.712940536722722312e-03
9.300000000000000000e+01 2.778025236563014342e-03
9.325000000000000000e+01 2.719778503414814128e-03
9.350000000000000000e+01 2.669776884381906690e-03
9.375000000000000000e+01 2.730113399192987417e-03
9.400000000000000000e+01 2.701468157510938158e-03
9.425000000000000000e+01 2.648106918837034567e-03
9.450000000000000000e+01 2.734969940701126659e-03
9.475000000000000000e+01 2.688423317931514563e-03
9.500000000000000000e+01 2.570399223953437080e-03
9.525000000000000000e+01 2.672324632408877663e-03
9.550000000000000000e+01 2.627096258030698576e-03
9.575000000000000000e+01 2.579984284591756421e-03
9.600000000000000000e+01 2.689609771923359358e-03
9.625000000000000000e+01 2.562522060380732769e-03
9.650000000000000000e+01 2.561707949308755609e-03
9.675000000000000000e+01 2.664592442787534418e-03
9.700000000000000000e+01 2.524234189186251500e-03
9.725000000000000000e+01 2.547425745274699456e-03
9.750000000000000000e+01 2.653905446586095167e-03
9.775000000000000000e+01 2.518826210256373561e-03
9.800000000000000000e+01 2.535780163121986036e-03
9.825000000000000000e+01 2.638283028392368699e-03
9.850000000000000000e+01 2.496990350251527581e-03
9.875000000000000000e+01 2.559447235038752634e-03
9.900000000000000000e+01 2.607602585426448301e-03
9.925000000000000000e+01 2.464340182111837089e-03
9.950000000000000000e+01 2.475454429083461232e-03
9.975000000000000000e+01 2.577804268574003695e-03
1.000000000000000000e+02 2.462084318909141516e-03
1.002500000000000000e+02 2.458476324820514907e-03
1.005000000000000000e+02 2.526166634197025886e-03
1.007500000000000000e+02 2.437199980406883851e-03
1.010000000000000000e+02 2.450401455335117322e-03
1.012500000000000000e+02 2.451319910993960370e-03
1.015000000000000000e+02 2.407095481479100667e-03
1.017500000000000000e+02 2.412491811967777851e-03
1.020000000000000000e+02 2.440103545630082239e-03
1.022500000000000000e+02 2.417194959693198721e-03
1.025000000000000000e+02 2.429629395695495023e-03
1.027500000000000000e+02 2.437191805586540628e-03
1.030000000000000000e+02 2.388394663272495801e-03
1.032500000000000000e+02 2.421105266856589996e-03
1.035000000000000000e+02 2.427376762942661057e-03
1.037500000000000000e+02 2.399540877787121555e-03
1.040000000000000000e+02 2.388989772984467450e-03
1.042500000000000000e+02 2.404660799638952146e-03
1.045000000000000000e+02 2.414339003730261047e-03
1.047500000000000000e+02 2.361585099068691865e-03
1.050000000000000000e+02 2.415424906868014927e-03
1.052500000000000000e+02 2.378973982880910280e-03
1.055000000000000000e+02 2.377481904329446262e-03
1.057500000000000000e+02 2.406389673131216662e-03
1.060000000000000000e+02 2.343889592639509557e-03
1.062500000000000000e+02 2.386101544481183077e-03
1.065000000000000000e+02 2.343861813009756340e-03
1.067500000000000000e+02 2.344432279933469660e-03
1.070000000000000000e+02 2.428808883371266943e-03
1.072500000000000000e+02 2.378166877791852794e-03
1.075000000000000000e+02 2.384458963930928890e-03
1.077500000000000000e+02 2.399816911809957761e-03
1.080000000000000000e+02 2.346003172632595436e-03
1.082500000000000000e+02 2.384018757014434546e-03
1.085000000000000000e+02 2.341449001300082659e-03
1.087500000000000000e+02 2.304100241190658056e-03
1.090000000000000000e+02 2.368880856626497458e-03
1.092500000000000000e+02 2.371197784444957577e-03
1.095000000000000000e+02 2.325810609596195341e-03
1.097500000000000000e+02 2.341450487029221768e-03
1.100000000000000000e+02 2.297449817844131846e-03
1.102500000000000000e+02 2.337409814986784583e-03
1.105000000000000000e+02 2.345596114008143343e-03
1.107500000000000000e+02 2.299808876147298783e-03
1.110000000000000000e+02 2.281789089454472688e-03
1.112500000000000000e+02 2.329771984798986294e-03
1.115000000000000000e+02 2.321774133059979674e-03
1.117500000000000000e+02 2.293872924861657496e-03
1.120000000000000000e+02 2.231461573078653664e-03
1.122500000000000000e+02 2.355076630747305732e-03
1.125000000000000000e+02 2.362989039123129884e-03
1.127500000000000000e+02 2.282876972618357470e-03
1.130000000000000000e+02 2.259912995649782444e-03
1.132500000000000000e+02 2.383892259483965867e-03
1.135000000000000000e+02 2.259283952263484597e-03
1.137500000000000000e+02 2.561456145614561357e-03
1.145000000000000000e+02 2.372424828321888224e-03
