overlap
1
0.240342542043035
0.217416127093655
0.24616000404338
0.2026178075592
0.244416167761399
0.219055292925952
0.230365939896446
0.238760844276152
0.221222943847238
0.240342542043035
1
0.239079988465775
0.223214433072195
0.251014900634283
0.271559190922437
0.210655255705673
0.231537846205254
0.254678734894574
0.242334031267991
0.217416127093655
0.239079988465775
1
0.206138659326197
0.287372411091175
0.174707536706855
0.252882563387752
0.249218729127461
0.202455669044102
0.236945516747525
0.24616000404338
0.223214433072195
0.206138659326197
1
0.214924199142172
0.230808910557557
0.234615727311141
0.236607216536097
0.232605082064379
0.218997824860537
0.2026178075592
0.251014900634283
0.287372411091175
0.214924199142172
1
0.231876146416682
0.213856963283048
0.220670169895871
0.20044502379734
0.263483430732354
0.244416167761399
0.271559190922437
0.174707536706855
0.230808910557557
0.231876146416682
1
0.210264620269404
0.184774786121895
0.254340434683146
0.20645780351582
0.219055292925952
0.210655255705673
0.252882563387752
0.234615727311141
0.213856963283048
0.210264620269404
1
0.273641327415845
0.203718222621361
0.261348959014104
0.230365939896446
0.231537846205254
0.249218729127461
0.236607216536097
0.220670169895871
0.184774786121895
0.273641327415845
1
0.191907136924341
0.223995703944734
0.238760844276152
0.254678734894574
0.202455669044102
0.232605082064379
0.20044502379734
0.254340434683146
0.203718222621361
0.191907136924341
1
0.209125893163632
0.221222943847238
0.242334031267991
0.236945516747525
0.218997824860537
0.263483430732354
0.20645780351582
0.261348959014104
0.223995703944734
0.209125893163632
1
