# r C
7.500000000000000000e-01 3.329507290533187946e-01
1.500000000000000000e+00 2.856562745968338479e-01
2.250000000000000000e+00 2.554030951932139692e-01
2.500000000000000000e+00 2.627871003223971047e-01
3.000000000000000000e+00 2.307438111984174978e-01
3.250000000000000000e+00 2.109684727789991054e-01
3.750000000000000000e+00 2.060151637973438032e-01
4.250000000000000000e+00 1.954119880834160605e-01
4.500000000000000000e+00 1.914445581675104091e-01
4.750000000000000000e+00 1.818010013122034751e-01
5.000000000000000000e+00 1.722369918699186986e-01
5.250000000000000000e+00 1.773735448813246740e-01
5.500000000000000000e+00 1.632276985111662526e-01
6.000000000000000000e+00 1.628785916122186817e-01
6.500000000000000000e+00 1.539163260984647841e-01
6.750000000000000000e+00 1.522044973771128629e-01
7.000000000000000000e+00 1.503561705342687516e-01
7.250000000000000000e+00 1.433487521451335955e-01
7.500000000000000000e+00 1.441952983088325702e-01
7.750000000000000000e+00 1.402727845169828014e-01
8.250000000000000000e+00 1.366082471926823860e-01
8.500000000000000000e+00 1.325453442959917683e-01
8.750000000000000000e+00 1.328098922046976049e-01
9.000000000000000000e+00 1.288462940860214956e-01
9.250000000000000000e+00 1.280367509525459080e-01
9.500000000000000000e+00 1.249506566125290069e-01
9.750000000000000000e+00 1.228538016867752047e-01
1.000000000000000000e+01 1.203298838036518797e-01
1.025000000000000000e+01 1.173382444549315728e-01
1.050000000000000000e+01 1.187396211645902477e-01
1.075000000000000000e+01 1.149210055488540522e-01
1.100000000000000000e+01 1.155060975313146054e-01
1.125000000000000000e+01 1.129704672759795220e-01
1.150000000000000000e+01 1.102522560673600827e-01
1.175000000000000000e+01 1.092072199999999937e-01
1.200000000000000000e+01 1.081918361822647723e-01
1.225000000000000000e+01 1.066634744124529410e-01
1.250000000000000000e+01 1.027997768762677483e-01
1.275000000000000000e+01 1.043587191864949054e-01
1.300000000000000000e+01 1.026513965436711834e-01
1.325000000000000000e+01 1.010658013379054504e-01
1.350000000000000000e+01 9.992684546289680447e-02
1.375000000000000000e+01 9.858127217361883909e-02
1.400000000000000000e+01 9.713571698282838507e-02
1.425000000000000000e+01 9.614495084800692148e-02
1.450000000000000000e+01 9.541948144104803187e-02
1.475000000000000000e+01 9.451911390661585366e-02
1.500000000000000000e+01 9.283158940556664185e-02
1.525000000000000000e+01 9.177819100555836829e-02
1.550000000000000000e+01 9.088359095096736062e-02
1.575000000000000000e+01 8.983498923778171497e-02
1.600000000000000000e+01 8.844494108348900652e-02
1.625000000000000000e+01 8.743737682702545921e-02
1.650000000000000000e+01 8.686882417972090209e-02
1.675000000000000000e+01 8.552006176470587639e-02
1.700000000000000000e+01 8.504734679292477728e-02
1.725000000000000000e+01 8.409639302446642040e-02
1.750000000000000000e+01 8.310660410149461885e-02
1.775000000000000000e+01 8.180441484494153925e-02
1.800000000000000000e+01 8.122359349109911641e-02
1.825000000000000000e+01 8.038745898559800096e-02
1.850000000000000000e+01 7.929673695095086627e-02
1.875000000000000000e+01 7.873561848303603505e-02
1.900000000000000000e+01 7.789543712991989222e-02
1.925000000000000000e+01 7.721952081849381422e-02
1.950000000000000000e+01 7.625860826195381137e-02
1.975000000000000000e+01 7.542710864345739119e-02
2.000000000000000000e+01 7.497251756440280468e-02
2.025000000000000000e+01 7.377781009141423652e-02
2.050000000000000000e+01 7.339431033012028260e-02
2.075000000000000000e+01 7.268583286873567251e-02
2.100000000000000000e+01 7.172161397892490298e-02
2.125000000000000000e+01 7.142654684095860185e-02
2.150000000000000000e+01 7.035069180417825863e-02
2.175000000000000000e+01 6.976227631148272657e-02
2.200000000000000000e+01 6.887423189217294073e-02
2.225000000000000000e+01 6.856772405372404955e-02
2.250000000000000000e+01 6.768993864259836846e-02
2.275000000000000000e+01 6.676564628947477542e-02
2.300000000000000000e+01 6.705043600299401274e-02
2.325000000000000000e+01 6.580741805379147769e-02
2.350000000000000000e+01 6.541079473709576764e-02
2.375000000000000000e+01 6.451684364261169036e-02
2.400000000000000000e+01 6.395427163904235379e-02
2.425000000000000000e+01 6.354099220847822527e-02
2.450000000000000000e+01 6.244740354894103701e-02
2.475000000000000000e+01 6.230821658480759084e-02
2.500000000000000000e+01 6.170974524901703950e-02
2.525000000000000000e+01 6.134892560507278908e-02
2.550000000000000000e+01 6.058952424066050418e-02
2.575000000000000000e+01 6.011899247595794971e-02
2.600000000000000000e+01 5.965462192681532383e-02
2.625000000000000000e+01 5.881254206879485413e-02
2.650000000000000000e+01 5.860595338051257513e-02
2.675000000000000000e+01 5.813694893596107333e-02
2.700000000000000000e+01 5.739017058717902492e-02
2.725000000000000000e+01 5.701575367874366085e-02
2.750000000000000000e+01 5.678327428222358642e-02
2.775000000000000000e+01 5.599045501497779131e-02
2.800000000000000000e+01 5.551700525531414604e-02
2.825000000000000000e+01 5.529311752931084095e-02
2.850000000000000000e+01 5.457706983377155763e-02
2.875000000000000000e+01 5.419993299502388895e-02
2.900000000000000000e+01 5.363890406450551318e-02
2.925000000000000000e+01 5.329402349444078979e-02
2.950000000000000000e+01 5.287196147378076666e-02
2.975000000000000000e+01 5.245117779622820303e-02
3.000000000000000000e+01 5.197431407027687522e-02
3.025000000000000000e+01 5.160483581459191643e-02
3.050000000000000000e+01 5.135976647718543814e-02
3.075000000000000000e+01 5.069868552137680312e-02
3.100000000000000000e+01 5.027352728036548618e-02
3.125000000000000000e+01 5.021761075695076876e-02
3.150000000000000000e+01 4.941079817622500564e-02
3.175000000000000000e+01 4.942876375735858613e-02
3.200000000000000000e+01 4.881213687399750534e-02
3.225000000000000000e+01 4.836876822902652640e-02
3.250000000000000000e+01 4.823691791119574801e-02
3.275000000000000000e+01 4.763409978559425551e-02
3.300000000000000000e+01 4.734560649331128607e-02
3.325000000000000000e+01 4.696997005586592278e-02
3.350000000000000000e+01 4.694596904728098874e-02
3.375000000000000000e+01 4.621626992498828468e-02
3.400000000000000000e+01 4.593834037757114908e-02
3.425000000000000000e+01 4.598351065949392302e-02
3.450000000000000000e+01 4.532568485267034902e-02
3.475000000000000000e+01 4.501540628385699433e-02
3.500000000000000000e+01 4.476144266215004858e-02
3.525000000000000000e+01 4.425679592990389849e-02
3.550000000000000000e+01 4.400450393862945925e-02
3.575000000000000000e+01 4.366303793760070023e-02
3.600000000000000000e+01 4.351715148241126069e-02
3.625000000000000000e+01 4.317636848365530300e-02
3.650000000000000000e+01 4.286702833203152180e-02
3.675000000000000000e+01 4.254469834526704991e-02
3.700000000000000000e+01 4.227434082483780969e-02
3.725000000000000000e+01 4.184463557534567196e-02
3.750000000000000000e+01 4.172924599870478368e-02
3.775000000000000000e+01 4.147006942953260222e-02
3.800000000000000000e+01 4.137038635429510919e-02
3.825000000000000000e+01 4.074133429651977806e-02
3.850000000000000000e+01 4.081424937655860757e-02
3.875000000000000000e+01 4.046424181190536040e-02
3.900000000000000000e+01 4.002307960526315517e-02
3.925000000000000000e+01 4.013423231485616083e-02
3.950000000000000000e+01 3.967797991730655921e-02
3.975000000000000000e+01 3.938765850340136127e-02
4.000000000000000000e+01 3.897719207356559884e-02
4.025000000000000000e+01 3.933179180101335770e-02
4.050000000000000000e+01 3.876002961013324394e-02
4.075000000000000000e+01 3.849380742459396904e-02
4.100000000000000000e+01 3.858334328803941782e-02
4.125000000000000000e+01 3.826738230586676504e-02
4.150000000000000000e+01 3.792340296903338320e-02
4.175000000000000000e+01 3.782673168353041515e-02
4.200000000000000000e+01 3.764677362413211548e-02
4.225000000000000000e+01 3.756342351453855616e-02
4.250000000000000000e+01 3.730469054375335630e-02
4.275000000000000000e+01 3.697756901524516110e-02
4.300000000000000000e+01 3.742148443865080804e-02
4.325000000000000000e+01 3.697120926864590901e-02
4.350000000000000000e+01 3.632524097868360113e-02
4.375000000000000000e+01 3.701646633891843285e-02
4.400000000000000000e+01 3.635028565895226382e-02
4.425000000000000000e+01 3.585324104864279215e-02
4.450000000000000000e+01 3.623343403986080402e-02
4.475000000000000000e+01 3.672021119067847561e-02
4.500000000000000000e+01 4.245401433904129329e-02
4.525000000000000000e+01 3.893543448809754642e-02
4.550000000000000000e+01 3.980678566939031826e-02
4.575000000000000000e+01 3.588480399144689664e-02
4.600000000000000000e+01 3.614696568332330384e-02
4.625000000000000000e+01 3.806958698727015700e-02
4.650000000000000000e+01 3.377378279165547947e-02
4.675000000000000000e+01 3.585227514352540973e-02
4.700000000000000000e+01 3.572468220608839701e-02
4.725000000000000000e+01 3.429299079754601076e-02
4.750000000000000000e+01 3.540411189196637776e-02
4.775000000000000000e+01 3.442848828125000260e-02
4.800000000000000000e+01 3.480271825574122319e-02
4.825000000000000000e+01 3.340055390702274807e-02
4.850000000000000000e+01 3.534976492614936433e-02
4.875000000000000000e+01 3.416153846153845847e-02
4.900000000000000000e+01 3.432783545543584974e-02
4.925000000000000000e+01 3.418120106288750903e-02
4.950000000000000000e+01 3.138226687152818883e-02
4.975000000000000000e+01 3.655638959107807007e-02
5.000000000000000000e+01 3.779459546925566238e-02
5.025000000000000000e+01 3.202038656680357420e-02
5.050000000000000000e+01 3.890060527002348056e-02
5.075000000000000000e+01 3.221028073572120010e-02
5.100000000000000000e+01 3.270898583569405160e-02
5.125000000000000000e+01 3.153836829836829947e-02
5.150000000000000000e+01 4.198873455942903760e-02
5.175000000000000000e+01 3.584973492124471361e-02
5.200000000000000000e+01 3.362746835443038151e-02
5.225000000000000000e+01 3.833194223826714986e-02
5.250000000000000000e+01 3.109060866172454196e-02
5.275000000000000000e+01 3.346918771861639996e-02
5.300000000000000000e+01 3.297800909090908839e-02
5.325000000000000000e+01 2.967852670349907865e-02
5.350000000000000000e+01 2.910584007187780667e-02
5.375000000000000000e+01 3.112256464379947393e-02
5.400000000000000000e+01 2.752678149606298946e-02
5.425000000000000000e+01 2.938237267825044921e-02
5.450000000000000000e+01 2.960106356968215252e-02
5.475000000000000000e+01 2.727232674924673708e-02
5.500000000000000000e+01 2.737295378432685888e-02
5.525000000000000000e+01 2.702667215815486232e-02
5.550000000000000000e+01 2.691542395693135789e-02
5.575000000000000000e+01 2.700627035830618916e-02
5.600000000000000000e+01 2.647684000000000148e-02
5.625000000000000000e+01 2.619422074846044363e-02
5.650000000000000000e+01 2.540264678471574819e-02
5.675000000000000000e+01 2.564331193838254030e-02
5.700000000000000000e+01 2.715268041237113225e-02
5.725000000000000000e+01 2.571920245398773286e-02
5.750000000000000000e+01 2.357481361426256097e-02
5.775000000000000000e+01 2.604317997293640122e-02
5.800000000000000000e+01 2.463380503144654149e-02
5.825000000000000000e+01 2.456072139303482754e-02
5.850000000000000000e+01 2.711693367786391362e-02
5.875000000000000000e+01 2.444761268781302233e-02
5.900000000000000000e+01 2.335854800936768352e-02
5.925000000000000000e+01 2.574843243243243179e-02
5.950000000000000000e+01 2.339647058823529288e-02
5.975000000000000000e+01 2.445437340153452585e-02
6.000000000000000000e+01 2.753223140495867846e-02
6.025000000000000000e+01 2.603735211267605917e-02
6.050000000000000000e+01 2.451841772151898413e-02
6.075000000000000000e+01 2.438134831460674404e-02
6.100000000000000000e+01 2.399911227154047019e-02
6.125000000000000000e+01 2.505387931034482735e-02
6.150000000000000000e+01 3.004052219321148506e-02
6.175000000000000000e+01 2.551495601173020544e-02
6.200000000000000000e+01 2.339508620689655441e-02
6.225000000000000000e+01 2.920522875816993283e-02
6.250000000000000000e+01 2.332870689655172636e-02
6.275000000000000000e+01 2.867418918918918785e-02
6.300000000000000000e+01 2.753617647058823406e-02
6.325000000000000000e+01 3.175338129496402956e-02
6.350000000000000000e+01 2.753500000000000045e-02
6.375000000000000000e+01 2.778777777777777930e-02
6.400000000000000000e+01 3.532124999999999848e-02
6.425000000000000000e+01 2.988320000000000212e-02
6.450000000000000000e+01 2.729857142857142552e-02
6.475000000000000000e+01 2.817189873417721632e-02
6.500000000000000000e+01 3.911407407407407194e-02
6.525000000000000000e+01 4.919560000000000599e-02
6.550000000000000000e+01 6.232083333333333225e-02
6.575000000000000000e+01 2.550421052631578894e-02
6.600000000000000000e+01 2.441615384615384785e-02
6.625000000000000000e+01 7.496631578947368646e-02
6.650000000000000000e+01 6.888714285714285512e-02
6.675000000000000000e+01 2.618210526315789544e-02
6.700000000000000000e+01 2.330250000000000030e-02
6.725000000000000000e+01 2.619499999999999953e-02
6.750000000000000000e+01 1.850999999999999868e-02
6.775000000000000000e+01 2.808666666666666603e-02
6.800000000000000000e+01 4.710000000000000298e-02
6.825000000000000000e+01 1.528000000000000018e-02
6.850000000000000000e+01 1.528000000000000018e-02
