# r C
7.500000000000000000e-01 2.323422125498730284e-01
1.500000000000000000e+00 1.604722444148542759e-01
2.250000000000000000e+00 1.126493345900094201e-01
2.500000000000000000e+00 1.121397762184714458e-01
3.000000000000000000e+00 9.369678333974394702e-02
3.250000000000000000e+00 8.033040217250743409e-02
3.750000000000000000e+00 8.552022921790458643e-02
4.250000000000000000e+00 6.972010724925521707e-02
4.500000000000000000e+00 7.914162097137987517e-02
4.750000000000000000e+00 7.006603209851619551e-02
5.000000000000000000e+00 6.358267750677507046e-02
5.250000000000000000e+00 7.208791818321627631e-02
5.500000000000000000e+00 5.977001654259718466e-02
6.000000000000000000e+00 6.133700675713408407e-02
6.500000000000000000e+00 5.322183165696135754e-02
6.750000000000000000e+00 5.410322362541286623e-02
7.000000000000000000e+00 4.835616189962223949e-02
7.250000000000000000e+00 4.830433112691018965e-02
7.500000000000000000e+00 4.893643257851848505e-02
7.750000000000000000e+00 4.530007940008822648e-02
8.250000000000000000e+00 4.484283483304826734e-02
8.500000000000000000e+00 4.094639645426515623e-02
8.750000000000000000e+00 3.920181776920458883e-02
9.000000000000000000e+00 3.991712903225805992e-02
9.250000000000000000e+00 3.745805103336796726e-02
9.500000000000000000e+00 3.633372969837586619e-02
9.750000000000000000e+00 3.577089668501815672e-02
1.000000000000000000e+01 3.266817642874081384e-02
1.025000000000000000e+01 3.261343715589114234e-02
1.050000000000000000e+01 3.322341728660632015e-02
1.075000000000000000e+01 3.084591942098914227e-02
1.100000000000000000e+01 3.054774413231180902e-02
1.125000000000000000e+01 2.959043591188650207e-02
1.150000000000000000e+01 2.784054358593362685e-02
1.175000000000000000e+01 2.727545250000000185e-02
1.200000000000000000e+01 2.730415309038046814e-02
1.225000000000000000e+01 2.618338182928070176e-02
1.250000000000000000e+01 2.530869421906693784e-02
1.275000000000000000e+01 2.508642520494730119e-02
1.300000000000000000e+01 2.410597540090300347e-02
1.325000000000000000e+01 2.348946652425656229e-02
1.350000000000000000e+01 2.313717617638052712e-02
1.375000000000000000e+01 2.205676833099714726e-02
1.400000000000000000e+01 2.171317630135754725e-02
1.425000000000000000e+01 2.132626768931619038e-02
1.450000000000000000e+01 2.041947234352256210e-02
1.475000000000000000e+01 2.033055782562783950e-02
1.500000000000000000e+01 1.984212850922562402e-02
1.525000000000000000e+01 1.922127112458592996e-02
1.550000000000000000e+01 1.859249667314976165e-02
1.575000000000000000e+01 1.848578690807799532e-02
1.600000000000000000e+01 1.777831728696651833e-02
1.625000000000000000e+01 1.736377698189913929e-02
1.650000000000000000e+01 1.729030933856198424e-02
1.675000000000000000e+01 1.671172058823529316e-02
1.700000000000000000e+01 1.648179024477398544e-02
1.725000000000000000e+01 1.611751639770952690e-02
1.750000000000000000e+01 1.569635992353145618e-02
1.775000000000000000e+01 1.525492425012709569e-02
1.800000000000000000e+01 1.514447083315630625e-02
1.825000000000000000e+01 1.465579962429555509e-02
1.850000000000000000e+01 1.442455873758036189e-02
1.875000000000000000e+01 1.413337902927009997e-02
1.900000000000000000e+01 1.360580517821897116e-02
1.925000000000000000e+01 1.348761380560771841e-02
1.950000000000000000e+01 1.341843434891033283e-02
1.975000000000000000e+01 1.292218067226890733e-02
2.000000000000000000e+01 1.248409668785546885e-02
2.025000000000000000e+01 1.237303011292346412e-02
2.050000000000000000e+01 1.212892433677386327e-02
2.075000000000000000e+01 1.187276342687232887e-02
2.100000000000000000e+01 1.183684762794006556e-02
2.125000000000000000e+01 1.157769841269841275e-02
2.150000000000000000e+01 1.117370516991337756e-02
2.175000000000000000e+01 1.100803761121195087e-02
2.200000000000000000e+01 1.071763308402991742e-02
2.225000000000000000e+01 1.067256288156288001e-02
2.250000000000000000e+01 1.042997214834670040e-02
2.275000000000000000e+01 1.029006332519349400e-02
2.300000000000000000e+01 1.010252245508982093e-02
2.325000000000000000e+01 9.818498562738151372e-03
2.350000000000000000e+01 9.588508361848763553e-03
2.375000000000000000e+01 9.271140034364260332e-03
2.400000000000000000e+01 9.370844383057089222e-03
2.425000000000000000e+01 8.972148611172250932e-03
2.450000000000000000e+01 8.862765884373211694e-03
2.475000000000000000e+01 8.739325735539553788e-03
2.500000000000000000e+01 8.540940366972477049e-03
2.525000000000000000e+01 8.284004644101098172e-03
2.550000000000000000e+01 8.374274504731724425e-03
2.575000000000000000e+01 8.225898649658676398e-03
2.600000000000000000e+01 7.980619639794166859e-03
2.625000000000000000e+01 7.814266270725067631e-03
2.650000000000000000e+01 7.739365079365079399e-03
2.675000000000000000e+01 7.551138742812207351e-03
2.700000000000000000e+01 7.418261806428442899e-03
2.725000000000000000e+01 7.366172045670004928e-03
2.750000000000000000e+01 7.250293219303604458e-03
2.775000000000000000e+01 6.941306166718314019e-03
2.800000000000000000e+01 6.898600674562710769e-03
2.825000000000000000e+01 6.772742350586217173e-03
2.850000000000000000e+01 6.659467445073310315e-03
2.875000000000000000e+01 6.552074690841011746e-03
2.900000000000000000e+01 6.494926224562558477e-03
2.925000000000000000e+01 6.233168891302483076e-03
2.950000000000000000e+01 6.200240534067165583e-03
2.975000000000000000e+01 6.179616494682322637e-03
3.000000000000000000e+01 5.931768247250618006e-03
3.025000000000000000e+01 5.958735789955302287e-03
3.050000000000000000e+01 5.884111230603779157e-03
3.075000000000000000e+01 5.571777426284851148e-03
3.100000000000000000e+01 5.604219923331407553e-03
3.125000000000000000e+01 5.434798307173085812e-03
3.150000000000000000e+01 5.383398703581629766e-03
3.175000000000000000e+01 5.307815459431789069e-03
3.200000000000000000e+01 5.273585813580466790e-03
3.225000000000000000e+01 4.984974439003390587e-03
3.250000000000000000e+01 5.013729578029467795e-03
3.275000000000000000e+01 5.002261111433041647e-03
3.300000000000000000e+01 4.793058169246956074e-03
3.325000000000000000e+01 4.855810502793296048e-03
3.350000000000000000e+01 4.672170949879313022e-03
3.375000000000000000e+01 4.523531997187060262e-03
3.400000000000000000e+01 4.570199117122194371e-03
3.425000000000000000e+01 4.618727502158464539e-03
3.450000000000000000e+01 4.380479972375690874e-03
3.475000000000000000e+01 4.419876883679700261e-03
3.500000000000000000e+01 4.410353691342034504e-03
3.525000000000000000e+01 4.073187111362351447e-03
3.550000000000000000e+01 4.161547649693662400e-03
3.575000000000000000e+01 4.174977296030467355e-03
3.600000000000000000e+01 3.968229686358002752e-03
3.625000000000000000e+01 4.040021328083343889e-03
3.650000000000000000e+01 3.866852233188951271e-03
3.675000000000000000e+01 3.820373428346294804e-03
3.700000000000000000e+01 3.783385078776644716e-03
3.725000000000000000e+01 3.768975861260839052e-03
3.750000000000000000e+01 3.697569309526012402e-03
3.775000000000000000e+01 3.685110586214300748e-03
3.800000000000000000e+01 3.805276065214412660e-03
3.825000000000000000e+01 3.404372583181065198e-03
3.850000000000000000e+01 3.717578054862842596e-03
3.875000000000000000e+01 3.538614128146838449e-03
3.900000000000000000e+01 3.372155263157894725e-03
3.925000000000000000e+01 3.547803788990240743e-03
3.950000000000000000e+01 3.430364244930104393e-03
3.975000000000000000e+01 3.302664625850339729e-03
4.000000000000000000e+01 3.082113715839916897e-03
4.025000000000000000e+01 3.536809074159373654e-03
4.050000000000000000e+01 3.145736963316334792e-03
4.075000000000000000e+01 3.204945475638050923e-03
4.100000000000000000e+01 3.317787068836792596e-03
4.125000000000000000e+01 3.048202439428224567e-03
4.150000000000000000e+01 3.218867468260899062e-03
4.175000000000000000e+01 3.003076923076923414e-03
4.200000000000000000e+01 3.093687678970698154e-03
4.225000000000000000e+01 3.157458069953645013e-03
4.250000000000000000e+01 3.145704425185980643e-03
4.275000000000000000e+01 2.923192654070280814e-03
4.300000000000000000e+01 3.178057682906957736e-03
4.325000000000000000e+01 3.328605680263899136e-03
4.350000000000000000e+01 3.015220794565057292e-03
4.375000000000000000e+01 3.256474365405839354e-03
4.400000000000000000e+01 3.235245473031858349e-03
4.425000000000000000e+01 2.907642100378934110e-03
4.450000000000000000e+01 3.200604239164821316e-03
4.475000000000000000e+01 3.472491807258162519e-03
4.500000000000000000e+01 9.607333056822894499e-03
4.525000000000000000e+01 5.866189278111089665e-03
4.550000000000000000e+01 5.979343808925203542e-03
4.575000000000000000e+01 3.803597053932050373e-03
4.600000000000000000e+01 3.973407585791692044e-03
4.625000000000000000e+01 4.696362093352192228e-03
4.650000000000000000e+01 3.004739905094457909e-03
4.675000000000000000e+01 4.030948330852646838e-03
4.700000000000000000e+01 3.950312062157687078e-03
4.725000000000000000e+01 3.608790047716428206e-03
4.750000000000000000e+01 4.086032795921179517e-03
4.775000000000000000e+01 3.728164062499999924e-03
4.800000000000000000e+01 3.875460638012688530e-03
4.825000000000000000e+01 3.163363006923837571e-03
4.850000000000000000e+01 4.201618473060120436e-03
4.875000000000000000e+01 3.616113567148049671e-03
4.900000000000000000e+01 3.856074436826640531e-03
4.925000000000000000e+01 3.666908768821966133e-03
4.950000000000000000e+01 2.656416499231769625e-03
4.975000000000000000e+01 4.785460223048327265e-03
5.000000000000000000e+01 7.260660194174756513e-03
5.025000000000000000e+01 2.993737617782073115e-03
5.050000000000000000e+01 6.923146360553091537e-03
5.075000000000000000e+01 3.441064859632139098e-03
5.100000000000000000e+01 3.955949008498583185e-03
5.125000000000000000e+01 3.479659673659673581e-03
5.150000000000000000e+01 1.093413121054076335e-02
5.175000000000000000e+01 7.511640414905877867e-03
5.200000000000000000e+01 5.026956751054851950e-03
5.225000000000000000e+01 7.779436823104692728e-03
5.250000000000000000e+01 3.535973468591494147e-03
5.275000000000000000e+01 4.957271667314419074e-03
5.300000000000000000e+01 4.878909090909090869e-03
5.325000000000000000e+01 2.826813996316759198e-03
5.350000000000000000e+01 2.715058400718777833e-03
5.375000000000000000e+01 3.853393139841688672e-03
5.400000000000000000e+01 2.183720472440944978e-03
5.425000000000000000e+01 2.856033553025764081e-03
5.450000000000000000e+01 2.753533007334963215e-03
5.475000000000000000e+01 2.569454301975226170e-03
5.500000000000000000e+01 2.511011386470194014e-03
5.525000000000000000e+01 2.402553542009884871e-03
5.550000000000000000e+01 2.417261103633916528e-03
5.575000000000000000e+01 3.515863192182410325e-03
5.600000000000000000e+01 2.562000000000000041e-03
5.625000000000000000e+01 2.457735670298436936e-03
5.650000000000000000e+01 2.102180801491146389e-03
5.675000000000000000e+01 2.577432605905006450e-03
5.700000000000000000e+01 3.504597938144329936e-03
5.725000000000000000e+01 2.500388548057259821e-03
5.750000000000000000e+01 2.600777957860615774e-03
5.775000000000000000e+01 2.658146143437077006e-03
5.800000000000000000e+01 3.794025157232704202e-03
5.825000000000000000e+01 2.740746268656716299e-03
5.850000000000000000e+01 3.972540913006029385e-03
5.875000000000000000e+01 2.962971619365609589e-03
5.900000000000000000e+01 3.604683840749414551e-03
5.925000000000000000e+01 3.972237837837838161e-03
5.950000000000000000e+01 2.709640522875817002e-03
5.975000000000000000e+01 3.491867007672633857e-03
6.000000000000000000e+01 4.787410468319559104e-03
6.025000000000000000e+01 6.440056338028168383e-03
6.050000000000000000e+01 3.119303797468354726e-03
6.075000000000000000e+01 3.195505617977528485e-03
6.100000000000000000e+01 4.657336814621410026e-03
6.125000000000000000e+01 4.063965517241379180e-03
6.150000000000000000e+01 7.354569190600522381e-03
6.175000000000000000e+01 5.299706744868035689e-03
6.200000000000000000e+01 5.772241379310345290e-03
6.225000000000000000e+01 4.432287581699345842e-03
6.250000000000000000e+01 4.189827586206896527e-03
6.275000000000000000e+01 1.085824324324324332e-02
6.300000000000000000e+01 4.697549019607842775e-03
6.325000000000000000e+01 1.201856115107913583e-02
6.350000000000000000e+01 8.718918918918919236e-03
6.375000000000000000e+01 5.304444444444444962e-03
6.400000000000000000e+01 1.728499999999999828e-02
6.425000000000000000e+01 1.053759999999999940e-02
6.450000000000000000e+01 4.967857142857142784e-03
6.475000000000000000e+01 6.567848101265823246e-03
6.500000000000000000e+01 1.612518518518518337e-02
6.525000000000000000e+01 2.539040000000000047e-02
6.550000000000000000e+01 3.116583333333333358e-02
6.575000000000000000e+01 4.994736842105262746e-03
6.600000000000000000e+01 2.136923076923076623e-03
6.625000000000000000e+01 4.432421052631579234e-02
6.650000000000000000e+01 1.893428571428571253e-02
6.675000000000000000e+01 8.714736842105262962e-03
6.700000000000000000e+01 5.712499999999999696e-03
6.725000000000000000e+01 6.899999999999999667e-04
6.775000000000000000e+01 4.933333333333333624e-04
6.800000000000000000e+01 1.479999999999999979e-03
